2024 10 10 284 12.00    0.0   40.0  255.0  9.999E-38  1.939E+19  5.200E+18 1.194E-03  292.5  1423  1.291E+14  2.317E+17  9.999E-38  9.999E-38  220.5  206.2   96.6  236.0  179.0   22.0   12.0   10.6   25.9\
2024 10 10 284 12.00    5.0   40.0  255.0  9.999E-38  1.152E+19  3.090E+18 7.094E-04  267.4  1423  7.674E+13  1.377E+17  9.999E-38  9.999E-38  220.5  206.2   96.6  236.0  179.0   22.0   12.0   10.6   25.9\
2024 10 10 284 12.00   10.0   40.0  255.0  9.999E-38  6.734E+18  1.806E+18 4.145E-04  230.7  1423  4.484E+13  8.048E+16  9.999E-38  9.999E-38  220.5  206.2   96.6  236.0  179.0   22.0   12.0   10.6   25.9\
2024 10 10 284 12.00   15.0   40.0  255.0  9.999E-38  3.390E+18  9.091E+17 2.087E-04  210.0  1423  2.258E+13  4.051E+16  9.999E-38  9.999E-38  220.5  206.2   96.6  236.0  179.0   22.0   12.0   10.6   25.9\
2024 10 10 284 12.00   20.0   40.0  255.0  9.999E-38  1.492E+18  4.000E+17 9.183E-05  212.8  1423  9.935E+12  1.783E+16  9.999E-38  9.999E-38  220.5  206.2   96.6  236.0  179.0   22.0   12.0   10.6   25.9\
2024 10 10 284 12.00   25.0   40.0  255.0  9.999E-38  6.622E+17  1.776E+17 4.076E-05  218.7  1423  4.410E+12  7.914E+15  9.999E-38  9.999E-38  220.5  206.2   96.6  236.0  179.0   22.0   12.0   10.6   25.9\
2024 10 10 284 12.00   30.0   40.0  255.0  9.999E-38  3.010E+17  8.071E+16 1.853E-05  223.8  1423  2.004E+12  3.597E+15  9.999E-38  9.999E-38  220.5  206.2   96.6  236.0  179.0   22.0   12.0   10.6   25.9\
2024 10 10 284 12.00   35.0   40.0  255.0  9.999E-38  1.385E+17  3.714E+16 8.526E-06  231.1  1423  9.223E+11  1.655E+15  9.999E-38  9.999E-38  220.5  206.2   96.6  236.0  179.0   22.0   12.0   10.6   25.9\
2024 10 10 284 12.00   40.0   40.0  255.0  9.999E-38  6.464E+16  1.733E+16 3.979E-06  242.5  1423  4.305E+11  7.726E+14  9.999E-38  9.999E-38  220.5  206.2   96.6  236.0  179.0   22.0   12.0   10.6   25.9\
2024 10 10 284 12.00   45.0   40.0  255.0  9.999E-38  3.111E+16  8.342E+15 1.915E-06  256.7  1423  2.072E+11  3.718E+14  9.999E-38  9.999E-38  220.5  206.2   96.6  236.0  179.0   22.0   12.0   10.6   25.9\
2024 10 10 284 12.00   50.0   40.0  255.0  9.999E-38  1.603E+16  4.299E+15 9.870E-07  260.9  1423  1.068E+11  1.916E+14  9.999E-38  9.999E-38  220.5  206.2   96.6  236.0  179.0   22.0   12.0   10.6   25.9\
2024 10 10 284 12.00   55.0   40.0  255.0  6.405E+09  8.681E+15  2.328E+15 5.344E-07  250.1  1423  5.781E+10  1.037E+14  9.999E-38  9.999E-38  220.5  206.2   96.6  236.0  179.0   22.0   12.0   10.6   25.9\
2024 10 10 284 12.00   60.0   40.0  255.0  7.560E+09  4.565E+15  1.224E+15 2.810E-07  239.7  1423  3.040E+10  5.456E+13  9.999E-38  9.999E-38  220.5  206.2   96.6  236.0  179.0   22.0   12.0   10.6   25.9\
2024 10 10 284 12.00   65.0   40.0  255.0  7.802E+09  2.369E+15  6.352E+14 1.458E-07  225.1  1423  1.577E+10  2.831E+13  9.999E-38  9.999E-38  220.5  206.2   96.6  236.0  179.0   22.0   12.0   10.6   25.9\
2024 10 10 284 12.00   70.0   40.0  255.0  7.957E+09  1.178E+15  3.158E+14 7.250E-08  209.5  1423  7.843E+09  1.407E+13  9.999E-38  9.999E-38  220.5  206.2   96.6  236.0  179.0   22.0   12.0   10.6   25.9\
2024 10 10 284 12.00   75.0   40.0  255.0  8.112E+09  5.450E+14  1.461E+14 3.355E-08  199.6  1423  3.629E+09  6.514E+12  9.999E-38  9.999E-38  220.5  206.2   96.6  236.0  179.0   22.0   12.0   10.6   25.9\
2024 10 10 284 12.00   80.0   40.0  255.0  1.894E+10  2.355E+14  6.314E+13 1.450E-08  199.6  1423  1.590E+09  2.814E+12  1.911E+08  9.999E-38  220.5  206.2   96.6  236.0  179.0   22.0   12.0   10.6   25.9\
2024 10 10 284 12.00   85.0   40.0  255.0  7.486E+10  9.907E+13  2.656E+13 6.101E-09  210.6  1423  7.058E+08  1.184E+12  1.483E+08  9.999E-38  220.5  206.2   96.6  236.0  179.0   22.0   12.0   10.6   25.9\
2024 10 10 284 12.00   90.0   40.0  255.0  4.045E+11  4.684E+13  1.250E+13 2.891E-09  200.4  1423  3.766E+08  5.547E+11  9.014E+07  9.999E-38  220.5  206.2   96.6  236.0  179.0   22.0   12.0   10.6   25.9\
2024 10 10 284 12.00   95.0   40.0  255.0  8.461E+11  2.142E+13  5.596E+12 1.333E-09  184.3  1423  2.261E+08  2.451E+11  5.517E+07  3.673E+05  220.5  206.2   96.6  236.0  179.0   22.0   12.0   10.6   25.9\
2024 10 10 284 12.00  100.0   40.0  255.0  6.831E+11  8.679E+12  2.128E+12 5.409E-10  186.9  1423  1.404E+08  9.025E+10  3.075E+07  7.020E+05  220.5  206.2   96.6  236.0  179.0   22.0   12.0   10.6   25.9\
2024 10 10 284 12.00  105.0   40.0  255.0  3.472E+11  3.409E+12  7.472E+11 2.095E-10  207.3  1423  9.478E+07  3.019E+10  1.626E+07  1.224E+06  220.5  206.2   96.6  236.0  179.0   22.0   12.0   10.6   25.9\
2024 10 10 284 12.00  110.0   40.0  255.0  1.988E+11  1.389E+12  2.645E+11 8.464E-11  248.0  1423  6.885E+07  1.030E+10  8.532E+06  2.067E+06  220.5  206.2   96.6  236.0  179.0   22.0   12.0   10.6   25.9\
2024 10 10 284 12.00  115.0   40.0  255.0  1.223E+11  6.172E+11  1.010E+11 3.758E-11  312.1  1423  5.092E+07  3.861E+09  4.459E+06  3.403E+06  220.5  206.2   96.6  236.0  179.0   22.0   12.0   10.6   25.9\
2024 10 10 284 12.00  120.0   40.0  255.0  7.938E+10  3.084E+11  4.349E+10 1.888E-11  395.3  1423  3.898E+07  1.655E+09  2.441E+06  5.492E+06  220.5  206.2   96.6  236.0  179.0   22.0   12.0   10.6   25.9\
2024 10 10 284 12.00  125.0   40.0  255.0  5.480E+10  1.733E+11  2.126E+10 1.070E-11  489.7  1423  3.091E+07  8.112E+08  1.425E+06  8.661E+06  220.5  206.2   96.6  236.0  179.0   22.0   12.0   10.6   25.9\
2024 10 10 284 12.00  130.0   40.0  255.0  4.041E+10  1.087E+11  1.175E+10 6.787E-12  579.0  1423  2.583E+07  4.525E+08  8.973E+05  1.337E+07  220.5  206.2   96.6  236.0  179.0   22.0   12.0   10.6   25.9\
2024 10 10 284 12.00  135.0   40.0  255.0  3.130E+10  7.384E+10  7.103E+09 4.663E-12  659.7  1423  2.248E+07  2.767E+08  6.004E+05  1.997E+07  220.5  206.2   96.6  236.0  179.0   22.0   12.0   10.6   25.9\
2024 10 10 284 12.00  140.0   40.0  255.0  2.510E+10  5.296E+10  4.576E+09 3.386E-12  732.6  1423  2.012E+07  1.802E+08  4.205E+05  2.870E+07  220.5  206.2   96.6  236.0  179.0   22.0   12.0   10.6   25.9\
2024 10 10 284 12.00  145.0   40.0  255.0  2.068E+10  3.952E+10  3.096E+09 2.562E-12  798.4  1423  1.836E+07  1.230E+08  3.054E+05  3.964E+07  220.5  206.2   96.6  236.0  179.0   22.0   12.0   10.6   25.9\
2024 10 10 284 12.00  150.0   40.0  255.0  1.738E+10  3.040E+10  2.178E+09 1.999E-12  857.9  1423  1.701E+07  8.714E+07  2.288E+05  5.250E+07  220.5  206.2   96.6  236.0  179.0   22.0   12.0   10.6   25.9\
2024 10 10 284 12.00  155.0   40.0  255.0  1.484E+10  2.395E+10  1.581E+09 1.598E-12  911.6  1423  1.594E+07  6.354E+07  1.761E+05  6.670E+07  220.5  206.2   96.6  236.0  179.0   22.0   12.0   10.6   25.9\
2024 10 10 284 12.00  160.0   40.0  255.0  1.283E+10  1.922E+10  1.180E+09 1.303E-12  960.2  1423  1.506E+07  4.742E+07  1.390E+05  8.143E+07  220.5  206.2   96.6  236.0  179.0   22.0   12.0   10.6   25.9\
2024 10 10 284 12.00  165.0   40.0  255.0  1.122E+10  1.567E+10  9.002E+08 1.079E-12 1004.1  1423  1.433E+07  3.607E+07  1.123E+05  9.571E+07  220.5  206.2   96.6  236.0  179.0   22.0   12.0   10.6   25.9\
2024 10 10 284 12.00  170.0   40.0  255.0  9.901E+09  1.293E+10  7.008E+08 9.063E-13 1043.7  1423  1.370E+07  2.787E+07  9.280E+04  1.086E+08  220.5  206.2   96.6  236.0  179.0   22.0   12.0   10.6   25.9\
2024 10 10 284 12.00  175.0   40.0  255.0  8.805E+09  1.079E+10  5.549E+08 7.696E-13 1079.6  1423  1.315E+07  2.182E+07  7.831E+04  1.194E+08  220.5  206.2   96.6  236.0  179.0   22.0   12.0   10.6   25.9\
2024 10 10 284 12.00  180.0   40.0  255.0  7.882E+09  9.083E+09  4.460E+08 6.598E-13 1112.0  1423  1.267E+07  1.728E+07  6.740E+04  1.276E+08  220.5  206.2   96.6  236.0  179.0   22.0   12.0   10.6   25.9\
2024 10 10 284 12.00  185.0   40.0  255.0  7.098E+09  7.706E+09  3.630E+08 5.704E-13 1141.4  1423  1.223E+07  1.381E+07  5.907E+04  1.332E+08  220.5  206.2   96.6  236.0  179.0   22.0   12.0   10.6   25.9\
2024 10 10 284 12.00  190.0   40.0  255.0  6.423E+09  6.580E+09  2.987E+08 4.966E-13 1167.9  1423  1.184E+07  1.113E+07  5.263E+04  1.361E+08  220.5  206.2   96.6  236.0  179.0   22.0   12.0   10.6   25.9\
2024 10 10 284 12.00  195.0   40.0  255.0  5.838E+09  5.651E+09  2.482E+08 4.350E-13 1191.9  1423  1.147E+07  9.034E+06  4.759E+04  1.368E+08  220.5  206.2   96.6  236.0  179.0   22.0   12.0   10.6   25.9\
2024 10 10 284 12.00  200.0   40.0  255.0  5.326E+09  4.878E+09  2.079E+08 3.832E-13 1213.6  1423  1.114E+07  7.378E+06  4.361E+04  1.355E+08  220.5  206.2   96.6  236.0  179.0   22.0   12.0   10.6   25.9\
2024 10 10 284 12.00  205.0   40.0  255.0  4.875E+09  4.229E+09  1.753E+08 3.391E-13 1233.2  1423  1.083E+07  6.059E+06  4.043E+04  1.328E+08  220.5  206.2   96.6  236.0  179.0   22.0   12.0   10.6   25.9\
2024 10 10 284 12.00  210.0   40.0  255.0  4.476E+09  3.680E+09  1.487E+08 3.014E-13 1251.0  1423  1.054E+07  4.999E+06  3.786E+04  1.289E+08  220.5  206.2   96.6  236.0  179.0   22.0   12.0   10.6   25.9\
2024 10 10 284 12.00  215.0   40.0  255.0  4.120E+09  3.214E+09  1.269E+08 2.689E-13 1267.1  1423  1.027E+07  4.142E+06  3.577E+04  1.243E+08  220.5  206.2   96.6  236.0  179.0   22.0   12.0   10.6   25.9\
2024 10 10 284 12.00  220.0   40.0  255.0  3.801E+09  2.815E+09  1.087E+08 2.408E-13 1281.7  1423  1.002E+07  3.445E+06  3.406E+04  1.192E+08  220.5  206.2   96.6  236.0  179.0   22.0   12.0   10.6   25.9\
2024 10 10 284 12.00  225.0   40.0  255.0  3.514E+09  2.472E+09  9.347E+07 2.162E-13 1294.9  1423  9.775E+06  2.875E+06  3.264E+04  1.139E+08  220.5  206.2   96.6  236.0  179.0   22.0   12.0   10.6   25.9\
2024 10 10 284 12.00  230.0   40.0  255.0  3.254E+09  2.176E+09  8.066E+07 1.947E-13 1306.8  1423  9.547E+06  2.406E+06  3.146E+04  1.084E+08  220.5  206.2   96.6  236.0  179.0   22.0   12.0   10.6   25.9\
2024 10 10 284 12.00  235.0   40.0  255.0  3.019E+09  1.920E+09  6.981E+07 1.758E-13 1317.6  1423  9.331E+06  2.019E+06  3.046E+04  1.029E+08  220.5  206.2   96.6  236.0  179.0   22.0   12.0   10.6   25.9\
2024 10 10 284 12.00  240.0   40.0  255.0  2.804E+09  1.697E+09  6.058E+07 1.591E-13 1327.4  1423  9.126E+06  1.699E+06  2.962E+04  9.757E+07  220.5  206.2   96.6  236.0  179.0   22.0   12.0   10.6   25.9\
2024 10 10 284 12.00  245.0   40.0  255.0  2.609E+09  1.502E+09  5.269E+07 1.443E-13 1336.3  1423  8.931E+06  1.432E+06  2.891E+04  9.238E+07  220.5  206.2   96.6  236.0  179.0   22.0   12.0   10.6   25.9\
2024 10 10 284 12.00  250.0   40.0  255.0  2.429E+09  1.332E+09  4.591E+07 1.311E-13 1344.4  1423  8.745E+06  1.210E+06  2.829E+04  8.739E+07  220.5  206.2   96.6  236.0  179.0   22.0   12.0   10.6   25.9\
2024 10 10 284 12.00  255.0   40.0  255.0  2.265E+09  1.183E+09  4.008E+07 1.194E-13 1351.6  1423  8.567E+06  1.024E+06  2.776E+04  8.263E+07  220.5  206.2   96.6  236.0  179.0   22.0   12.0   10.6   25.9\
2024 10 10 284 12.00  260.0   40.0  255.0  2.113E+09  1.052E+09  3.505E+07 1.089E-13 1358.3  1423  8.397E+06  8.676E+05  2.729E+04  7.810E+07  220.5  206.2   96.6  236.0  179.0   22.0   12.0   10.6   25.9\
2024 10 10 284 12.00  265.0   40.0  255.0  1.974E+09  9.367E+08  3.069E+07 9.946E-14 1364.2  1423  8.233E+06  7.364E+05  2.689E+04  7.380E+07  220.5  206.2   96.6  236.0  179.0   22.0   12.0   10.6   25.9\
2024 10 10 284 12.00  270.0   40.0  255.0  1.845E+09  8.347E+08  2.691E+07 9.100E-14 1369.7  1423  8.076E+06  6.259E+05  2.653E+04  6.974E+07  220.5  206.2   96.6  236.0  179.0   22.0   12.0   10.6   25.9\
2024 10 10 284 12.00  275.0   40.0  255.0  1.726E+09  7.446E+08  2.362E+07 8.337E-14 1374.6  1423  7.925E+06  5.326E+05  2.621E+04  6.591E+07  220.5  206.2   96.6  236.0  179.0   22.0   12.0   10.6   25.9\
2024 10 10 284 12.00  280.0   40.0  255.0  1.615E+09  6.648E+08  2.075E+07 7.648E-14 1379.1  1423  7.779E+06  4.538E+05  2.592E+04  6.229E+07  220.5  206.2   96.6  236.0  179.0   22.0   12.0   10.6   25.9\
2024 10 10 284 12.00  285.0   40.0  255.0  1.513E+09  5.941E+08  1.825E+07 7.025E-14 1383.1  1423  7.639E+06  3.870E+05  2.566E+04  5.888E+07  220.5  206.2   96.6  236.0  179.0   22.0   12.0   10.6   25.9\
2024 10 10 284 12.00  290.0   40.0  255.0  1.418E+09  5.313E+08  1.607E+07 6.460E-14 1386.8  1423  7.503E+06  3.303E+05  2.543E+04  5.568E+07  220.5  206.2   96.6  236.0  179.0   22.0   12.0   10.6   25.9\
2024 10 10 284 12.00  295.0   40.0  255.0  1.329E+09  4.754E+08  1.416E+07 5.948E-14 1390.1  1423  7.371E+06  2.822E+05  2.521E+04  5.265E+07  220.5  206.2   96.6  236.0  179.0   22.0   12.0   10.6   25.9\
2024 10 10 284 12.00  300.0   40.0  255.0  1.247E+09  4.257E+08  1.248E+07 5.482E-14 1393.2  1423  7.244E+06  2.413E+05  2.501E+04  4.981E+07  220.5  206.2   96.6  236.0  179.0   22.0   12.0   10.6   25.9\
2024 10 10 284 12.00  305.0   40.0  255.0  1.170E+09  3.814E+08  1.101E+07 5.057E-14 1395.9  1423  7.120E+06  2.065E+05  2.483E+04  4.713E+07  220.5  206.2   96.6  236.0  179.0   22.0   12.0   10.6   25.9\
2024 10 10 284 12.00  310.0   40.0  255.0  1.098E+09  3.419E+08  9.721E+06 4.670E-14 1398.4  1423  7.000E+06  1.768E+05  2.466E+04  4.460E+07  220.5  206.2   96.6  236.0  179.0   22.0   12.0   10.6   25.9\
2024 10 10 284 12.00  315.0   40.0  255.0  1.032E+09  3.067E+08  8.586E+06 4.317E-14 1400.7  1423  6.884E+06  1.515E+05  2.450E+04  4.222E+07  220.5  206.2   96.6  236.0  179.0   22.0   12.0   10.6   25.9\
2024 10 10 284 12.00  320.0   40.0  255.0  9.690E+08  2.752E+08  7.588E+06 3.993E-14 1402.7  1423  6.770E+06  1.299E+05  2.435E+04  3.998E+07  220.5  206.2   96.6  236.0  179.0   22.0   12.0   10.6   25.9\
2024 10 10 284 12.00  325.0   40.0  255.0  9.106E+08  2.471E+08  6.709E+06 3.697E-14 1404.6  1423  6.660E+06  1.115E+05  2.421E+04  3.786E+07  220.5  206.2   96.6  236.0  179.0   22.0   12.0   10.6   25.9\
2024 10 10 284 12.00  330.0   40.0  255.0  8.560E+08  2.219E+08  5.935E+06 3.426E-14 1406.3  1423  6.552E+06  9.568E+04  2.407E+04  3.587E+07  220.5  206.2   96.6  236.0  179.0   22.0   12.0   10.6   25.9\
2024 10 10 284 12.00  335.0   40.0  255.0  8.048E+08  1.994E+08  5.253E+06 3.177E-14 1407.8  1423  6.447E+06  8.217E+04  2.394E+04  3.399E+07  220.5  206.2   96.6  236.0  179.0   22.0   12.0   10.6   25.9\
2024 10 10 284 12.00  340.0   40.0  255.0  7.569E+08  1.792E+08  4.651E+06 2.949E-14 1409.2  1423  6.344E+06  7.060E+04  2.382E+04  3.221E+07  220.5  206.2   96.6  236.0  179.0   22.0   12.0   10.6   25.9\
2024 10 10 284 12.00  345.0   40.0  255.0  7.121E+08  1.611E+08  4.119E+06 2.739E-14 1410.5  1423  6.244E+06  6.069E+04  2.370E+04  3.053E+07  220.5  206.2   96.6  236.0  179.0   22.0   12.0   10.6   25.9\
2024 10 10 284 12.00  350.0   40.0  255.0  6.700E+08  1.449E+08  3.650E+06 2.545E-14 1411.6  1423  6.146E+06  5.219E+04  2.358E+04  2.894E+07  220.5  206.2   96.6  236.0  179.0   22.0   12.0   10.6   25.9\
2024 10 10 284 12.00  355.0   40.0  255.0  6.305E+08  1.304E+08  3.235E+06 2.367E-14 1412.7  1423  6.050E+06  4.491E+04  2.347E+04  2.744E+07  220.5  206.2   96.6  236.0  179.0   22.0   12.0   10.6   25.9\
2024 10 10 284 12.00  360.0   40.0  255.0  5.935E+08  1.173E+08  2.868E+06 2.203E-14 1413.6  1423  5.957E+06  3.865E+04  2.336E+04  2.603E+07  220.5  206.2   96.6  236.0  179.0   22.0   12.0   10.6   25.9\
2024 10 10 284 12.00  365.0   40.0  255.0  5.588E+08  1.056E+08  2.544E+06 2.051E-14 1414.5  1423  5.865E+06  3.328E+04  2.326E+04  2.469E+07  220.5  206.2   96.6  236.0  179.0   22.0   12.0   10.6   25.9\
2024 10 10 284 12.00  370.0   40.0  255.0  5.262E+08  9.511E+07  2.257E+06 1.911E-14 1415.3  1423  5.775E+06  2.866E+04  2.316E+04  2.342E+07  220.5  206.2   96.6  236.0  179.0   22.0   12.0   10.6   25.9\
2024 10 10 284 12.00  375.0   40.0  255.0  4.956E+08  8.566E+07  2.003E+06 1.781E-14 1416.0  1423  5.687E+06  2.470E+04  2.306E+04  2.222E+07  220.5  206.2   96.6  236.0  179.0   22.0   12.0   10.6   25.9\
2024 10 10 284 12.00  380.0   40.0  255.0  4.668E+08  7.718E+07  1.778E+06 1.662E-14 1416.7  1423  5.601E+06  2.129E+04  2.296E+04  2.109E+07  220.5  206.2   96.6  236.0  179.0   22.0   12.0   10.6   25.9\
2024 10 10 284 12.00  385.0   40.0  255.0  4.398E+08  6.955E+07  1.579E+06 1.551E-14 1417.3  1423  5.516E+06  1.836E+04  2.286E+04  2.002E+07  220.5  206.2   96.6  236.0  179.0   22.0   12.0   10.6   25.9\
2024 10 10 284 12.00  390.0   40.0  255.0  4.144E+08  6.269E+07  1.402E+06 1.448E-14 1417.8  1423  5.433E+06  1.583E+04  2.277E+04  1.900E+07  220.5  206.2   96.6  236.0  179.0   22.0   12.0   10.6   25.9\
2024 10 10 284 12.00  395.0   40.0  255.0  3.905E+08  5.652E+07  1.246E+06 1.353E-14 1418.3  1423  5.352E+06  1.366E+04  2.267E+04  1.804E+07  220.5  206.2   96.6  236.0  179.0   22.0   12.0   10.6   25.9\
2024 10 10 284 12.00  400.0   40.0  255.0  3.681E+08  5.096E+07  1.107E+06 1.264E-14 1418.7  1423  5.272E+06  1.179E+04  2.258E+04  1.713E+07  220.5  206.2   96.6  236.0  179.0   22.0   12.0   10.6   25.9\
2024 10 10 284 12.00  405.0   40.0  255.0  3.470E+08  4.597E+07  9.841E+05 1.182E-14 1419.2  1423  5.194E+06  1.018E+04  2.249E+04  1.626E+07  220.5  206.2   96.6  236.0  179.0   22.0   12.0   10.6   25.9\
2024 10 10 284 12.00  410.0   40.0  255.0  3.271E+08  4.147E+07  8.749E+05 1.106E-14 1419.5  1423  5.117E+06  8.787E+03  2.240E+04  1.544E+07  220.5  206.2   96.6  236.0  179.0   22.0   12.0   10.6   25.9\
2024 10 10 284 12.00  415.0   40.0  255.0  3.084E+08  3.742E+07  7.780E+05 1.035E-14 1419.9  1423  5.041E+06  7.589E+03  2.232E+04  1.467E+07  220.5  206.2   96.6  236.0  179.0   22.0   12.0   10.6   25.9\
2024 10 10 284 12.00  420.0   40.0  255.0  2.909E+08  3.377E+07  6.920E+05 9.693E-15 1420.2  1423  4.967E+06  6.557E+03  2.223E+04  1.393E+07  220.5  206.2   96.6  236.0  179.0   22.0   12.0   10.6   25.9\
2024 10 10 284 12.00  425.0   40.0  255.0  2.743E+08  3.048E+07  6.156E+05 9.080E-15 1420.4  1423  4.894E+06  5.667E+03  2.214E+04  1.324E+07  220.5  206.2   96.6  236.0  179.0   22.0   12.0   10.6   25.9\
2024 10 10 284 12.00  430.0   40.0  255.0  2.587E+08  2.752E+07  5.478E+05 8.509E-15 1420.7  1423  4.823E+06  4.898E+03  2.206E+04  1.258E+07  220.5  206.2   96.6  236.0  179.0   22.0   12.0   10.6   25.9\
2024 10 10 284 12.00  435.0   40.0  255.0  2.441E+08  2.485E+07  4.875E+05 7.977E-15 1420.9  1423  4.752E+06  4.235E+03  2.197E+04  1.195E+07  220.5  206.2   96.6  236.0  179.0   22.0   12.0   10.6   25.9\
2024 10 10 284 12.00  440.0   40.0  255.0  2.303E+08  2.245E+07  4.340E+05 7.481E-15 1421.1  1423  4.683E+06  3.663E+03  2.189E+04  1.136E+07  220.5  206.2   96.6  236.0  179.0   22.0   12.0   10.6   25.9\
2024 10 10 284 12.00  445.0   40.0  255.0  2.173E+08  2.028E+07  3.864E+05 7.019E-15 1421.3  1423  4.615E+06  3.169E+03  2.181E+04  1.079E+07  220.5  206.2   96.6  236.0  179.0   22.0   12.0   10.6   25.9\
2024 10 10 284 12.00  450.0   40.0  255.0  2.050E+08  1.832E+07  3.441E+05 6.587E-15 1421.5  1423  4.548E+06  2.742E+03  2.173E+04  1.026E+07  220.5  206.2   96.6  236.0  179.0   22.0   12.0   10.6   25.9\
2024 10 10 284 12.00  455.0   40.0  255.0  1.935E+08  1.655E+07  3.065E+05 6.184E-15 1421.7  1423  4.482E+06  2.373E+03  2.165E+04  9.751E+06  220.5  206.2   96.6  236.0  179.0   22.0   12.0   10.6   25.9\
2024 10 10 284 12.00  460.0   40.0  255.0  1.826E+08  1.496E+07  2.731E+05 5.808E-15 1421.8  1423  4.418E+06  2.055E+03  2.157E+04  9.270E+06  220.5  206.2   96.6  236.0  179.0   22.0   12.0   10.6   25.9\
2024 10 10 284 12.00  465.0   40.0  255.0  1.724E+08  1.352E+07  2.433E+05 5.456E-15 1421.9  1423  4.354E+06  1.779E+03  2.149E+04  8.813E+06  220.5  206.2   96.6  236.0  179.0   22.0   12.0   10.6   25.9\
2024 10 10 284 12.00  470.0   40.0  255.0  1.627E+08  1.223E+07  2.169E+05 5.128E-15 1422.1  1423  4.291E+06  1.541E+03  2.141E+04  8.379E+06  220.5  206.2   96.6  236.0  179.0   22.0   12.0   10.6   25.9\
2024 10 10 284 12.00  475.0   40.0  255.0  1.536E+08  1.106E+07  1.933E+05 4.820E-15 1422.2  1423  4.230E+06  1.335E+03  2.133E+04  7.967E+06  220.5  206.2   96.6  236.0  179.0   22.0   12.0   10.6   25.9\
2024 10 10 284 12.00  480.0   40.0  255.0  1.450E+08  9.999E+06  1.723E+05 4.533E-15 1422.3  1423  4.169E+06  1.157E+03  2.125E+04  7.577E+06  220.5  206.2   96.6  236.0  179.0   22.0   12.0   10.6   25.9\
2024 10 10 284 12.00  485.0   40.0  255.0  1.370E+08  9.044E+06  1.537E+05 4.264E-15 1422.4  1423  4.110E+06  1.002E+03  2.117E+04  7.206E+06  220.5  206.2   96.6  236.0  179.0   22.0   12.0   10.6   25.9\
2024 10 10 284 12.00  490.0   40.0  255.0  1.293E+08  8.182E+06  1.371E+05 4.012E-15 1422.5  1423  4.051E+06  8.691E+02  2.110E+04  6.854E+06  220.5  206.2   96.6  236.0  179.0   22.0   12.0   10.6   25.9\
2024 10 10 284 12.00  495.0   40.0  255.0  1.222E+08  7.403E+06  1.223E+05 3.776E-15 1422.5  1423  3.994E+06  7.535E+02  2.102E+04  6.519E+06  220.5  206.2   96.6  236.0  179.0   22.0   12.0   10.6   25.9\
2024 10 10 284 12.00  500.0   40.0  255.0  1.154E+08  6.700E+06  1.091E+05 3.555E-15 1422.6  1423  3.937E+06  6.535E+02  2.094E+04  6.201E+06  220.5  206.2   96.6  236.0  179.0   22.0   12.0   10.6   25.9\
2024 10 10 284 12.00  505.0   40.0  255.0  1.090E+08  6.064E+06  9.735E+04 3.347E-15 1422.7  1423  3.881E+06  5.669E+02  2.087E+04  5.900E+06  220.5  206.2   96.6  236.0  179.0   22.0   12.0   10.6   25.9\
2024 10 10 284 12.00  510.0   40.0  255.0  1.030E+08  5.489E+06  8.688E+04 3.153E-15 1422.7  1423  3.826E+06  4.919E+02  2.079E+04  5.613E+06  220.5  206.2   96.6  236.0  179.0   22.0   12.0   10.6   25.9\
2024 10 10 284 12.00  515.0   40.0  255.0  9.728E+07  4.970E+06  7.756E+04 2.970E-15 1422.8  1423  3.772E+06  4.269E+02  2.072E+04  5.341E+06  220.5  206.2   96.6  236.0  179.0   22.0   12.0   10.6   25.9\
2024 10 10 284 12.00  520.0   40.0  255.0  9.192E+07  4.500E+06  6.924E+04 2.799E-15 1422.8  1423  3.719E+06  3.706E+02  2.065E+04  5.082E+06  220.5  206.2   96.6  236.0  179.0   22.0   12.0   10.6   25.9\
2024 10 10 284 12.00  525.0   40.0  255.0  8.686E+07  4.076E+06  6.183E+04 2.639E-15 1422.9  1423  3.667E+06  3.217E+02  2.057E+04  4.836E+06  220.5  206.2   96.6  236.0  179.0   22.0   12.0   10.6   25.9\
2024 10 10 284 12.00  530.0   40.0  255.0  8.209E+07  3.692E+06  5.522E+04 2.488E-15 1422.9  1423  3.615E+06  2.794E+02  2.050E+04  4.603E+06  220.5  206.2   96.6  236.0  179.0   22.0   12.0   10.6   25.9\
2024 10 10 284 12.00  535.0   40.0  255.0  7.758E+07  3.344E+06  4.933E+04 2.346E-15 1422.9  1423  3.564E+06  2.427E+02  2.043E+04  4.381E+06  220.5  206.2   96.6  236.0  179.0   22.0   12.0   10.6   25.9\
2024 10 10 284 12.00  540.0   40.0  255.0  7.333E+07  3.030E+06  4.407E+04 2.213E-15 1423.0  1423  3.514E+06  2.108E+02  2.035E+04  4.170E+06  220.5  206.2   96.6  236.0  179.0   22.0   12.0   10.6   25.9\
2024 10 10 284 12.00  545.0   40.0  255.0  6.932E+07  2.746E+06  3.938E+04 2.088E-15 1423.0  1423  3.465E+06  1.832E+02  2.028E+04  3.970E+06  220.5  206.2   96.6  236.0  179.0   22.0   12.0   10.6   25.9\
2024 10 10 284 12.00  550.0   40.0  255.0  6.553E+07  2.489E+06  3.520E+04 1.971E-15 1423.0  1423  3.417E+06  1.592E+02  2.021E+04  3.779E+06  220.5  206.2   96.6  236.0  179.0   22.0   12.0   10.6   25.9\
2024 10 10 284 12.00  555.0   40.0  255.0  6.196E+07  2.256E+06  3.146E+04 1.860E-15 1423.1  1423  3.369E+06  1.384E+02  2.014E+04  3.598E+06  220.5  206.2   96.6  236.0  179.0   22.0   12.0   10.6   25.9\
2024 10 10 284 12.00  560.0   40.0  255.0  5.858E+07  2.045E+06  2.813E+04 1.756E-15 1423.1  1423  3.322E+06  1.204E+02  2.007E+04  3.426E+06  220.5  206.2   96.6  236.0  179.0   22.0   12.0   10.6   25.9\
2024 10 10 284 12.00  565.0   40.0  255.0  5.539E+07  1.854E+06  2.515E+04 1.658E-15 1423.1  1423  3.276E+06  1.047E+02  2.000E+04  3.262E+06  220.5  206.2   96.6  236.0  179.0   22.0   12.0   10.6   25.9\
2024 10 10 284 12.00  570.0   40.0  255.0  5.239E+07  1.682E+06  2.249E+04 1.566E-15 1423.1  1423  3.231E+06  9.104E+01  1.993E+04  3.106E+06  220.5  206.2   96.6  236.0  179.0   22.0   12.0   10.6   25.9\
2024 10 10 284 12.00  575.0   40.0  255.0  4.954E+07  1.525E+06  2.012E+04 1.479E-15 1423.1  1423  3.186E+06  7.921E+01  1.986E+04  2.958E+06  220.5  206.2   96.6  236.0  179.0   22.0   12.0   10.6   25.9\
2024 10 10 284 12.00  580.0   40.0  255.0  4.686E+07  1.383E+06  1.800E+04 1.398E-15 1423.2  1423  3.142E+06  6.893E+01  1.979E+04  2.818E+06  220.5  206.2   96.6  236.0  179.0   22.0   12.0   10.6   25.9\
2024 10 10 284 12.00  585.0   40.0  255.0  4.433E+07  1.255E+06  1.611E+04 1.321E-15 1423.2  1423  3.099E+06  6.000E+01  1.972E+04  2.684E+06  220.5  206.2   96.6  236.0  179.0   22.0   12.0   10.6   25.9\
2024 10 10 284 12.00  590.0   40.0  255.0  4.193E+07  1.139E+06  1.441E+04 1.249E-15 1423.2  1423  3.056E+06  5.223E+01  1.965E+04  2.556E+06  220.5  206.2   96.6  236.0  179.0   22.0   12.0   10.6   25.9\
2024 10 10 284 12.00  595.0   40.0  255.0  3.967E+07  1.034E+06  1.290E+04 1.181E-15 1423.2  1423  3.014E+06  4.548E+01  1.958E+04  2.435E+06  220.5  206.2   96.6  236.0  179.0   22.0   12.0   10.6   25.9\
2024 10 10 284 12.00  600.0   40.0  255.0  3.753E+07  9.381E+05  1.155E+04 1.116E-15 1423.2  1423  2.972E+06  3.961E+01  1.952E+04  2.320E+06  220.5  206.2   96.6  236.0  179.0   22.0   12.0   10.6   25.9\
2024 10 10 284 12.00  605.0   40.0  255.0  3.552E+07  8.515E+05  1.034E+04 1.056E-15 1423.2  1423  2.931E+06  3.450E+01  1.945E+04  2.210E+06  220.5  206.2   96.6  236.0  179.0   22.0   12.0   10.6   25.9\
2024 10 10 284 12.00  610.0   40.0  255.0  3.361E+07  7.731E+05  9.259E+03 9.987E-16 1423.2  1423  2.891E+06  3.006E+01  1.938E+04  2.106E+06  220.5  206.2   96.6  236.0  179.0   22.0   12.0   10.6   25.9\
2024 10 10 284 12.00  615.0   40.0  255.0  3.181E+07  7.020E+05  8.292E+03 9.449E-16 1423.2  1423  2.852E+06  2.619E+01  1.932E+04  2.007E+06  220.5  206.2   96.6  236.0  179.0   22.0   12.0   10.6   25.9\
2024 10 10 284 12.00  620.0   40.0  255.0  3.010E+07  6.375E+05  7.428E+03 8.941E-16 1423.3  1423  2.813E+06  2.283E+01  1.925E+04  1.912E+06  220.5  206.2   96.6  236.0  179.0   22.0   12.0   10.6   25.9\
2024 10 10 284 12.00  625.0   40.0  255.0  2.849E+07  5.790E+05  6.655E+03 8.462E-16 1423.3  1423  2.774E+06  1.990E+01  1.918E+04  1.823E+06  220.5  206.2   96.6  236.0  179.0   22.0   12.0   10.6   25.9\
2024 10 10 284 12.00  630.0   40.0  255.0  2.697E+07  5.259E+05  5.963E+03 8.010E-16 1423.3  1423  2.736E+06  1.736E+01  1.912E+04  1.737E+06  220.5  206.2   96.6  236.0  179.0   22.0   12.0   10.6   25.9\
2024 10 10 284 12.00  635.0   40.0  255.0  2.553E+07  4.778E+05  5.344E+03 7.584E-16 1423.3  1423  2.699E+06  1.514E+01  1.905E+04  1.656E+06  220.5  206.2   96.6  236.0  179.0   22.0   12.0   10.6   25.9\
2024 10 10 284 12.00  640.0   40.0  255.0  2.417E+07  4.342E+05  4.790E+03 7.182E-16 1423.3  1423  2.663E+06  1.320E+01  1.899E+04  1.578E+06  220.5  206.2   96.6  236.0  179.0   22.0   12.0   10.6   25.9\
2024 10 10 284 12.00  645.0   40.0  255.0  2.289E+07  3.946E+05  4.294E+03 6.802E-16 1423.3  1423  2.626E+06  1.152E+01  1.892E+04  1.505E+06  220.5  206.2   96.6  236.0  179.0   22.0   12.0   10.6   25.9\
2024 10 10 284 12.00  650.0   40.0  255.0  2.167E+07  3.586E+05  3.850E+03 6.443E-16 1423.3  1423  2.591E+06  1.005E+01  1.886E+04  1.434E+06  220.5  206.2   96.6  236.0  179.0   22.0   12.0   10.6   25.9\
2024 10 10 284 12.00  655.0   40.0  255.0  2.052E+07  3.260E+05  3.453E+03 6.104E-16 1423.3  1423  2.556E+06  8.774E+00  1.879E+04  1.368E+06  220.5  206.2   96.6  236.0  179.0   22.0   12.0   10.6   25.9\
2024 10 10 284 12.00  660.0   40.0  255.0  1.944E+07  2.964E+05  3.097E+03 5.784E-16 1423.3  1423  2.521E+06  7.659E+00  1.873E+04  1.304E+06  220.5  206.2   96.6  236.0  179.0   22.0   12.0   10.6   25.9\
2024 10 10 284 12.00  665.0   40.0  255.0  1.841E+07  2.695E+05  2.778E+03 5.482E-16 1423.3  1423  2.487E+06  6.688E+00  1.867E+04  1.243E+06  220.5  206.2   96.6  236.0  179.0   22.0   12.0   10.6   25.9\
2024 10 10 284 12.00  670.0   40.0  255.0  1.744E+07  2.451E+05  2.492E+03 5.197E-16 1423.3  1423  2.454E+06  5.840E+00  1.860E+04  1.186E+06  220.5  206.2   96.6  236.0  179.0   22.0   12.0   10.6   25.9\
2024 10 10 284 12.00  675.0   40.0  255.0  1.652E+07  2.229E+05  2.236E+03 4.927E-16 1423.3  1423  2.421E+06  5.102E+00  1.854E+04  1.131E+06  220.5  206.2   96.6  236.0  179.0   22.0   12.0   10.6   25.9\
2024 10 10 284 12.00  680.0   40.0  255.0  1.565E+07  2.027E+05  2.007E+03 4.672E-16 1423.3  1423  2.388E+06  4.457E+00  1.848E+04  1.078E+06  220.5  206.2   96.6  236.0  179.0   22.0   12.0   10.6   25.9\
2024 10 10 284 12.00  685.0   40.0  255.0  1.482E+07  1.844E+05  1.802E+03 4.431E-16 1423.3  1423  2.356E+06  3.895E+00  1.841E+04  1.029E+06  220.5  206.2   96.6  236.0  179.0   22.0   12.0   10.6   25.9\
2024 10 10 284 12.00  690.0   40.0  255.0  1.405E+07  1.678E+05  1.617E+03 4.203E-16 1423.3  1423  2.325E+06  3.404E+00  1.835E+04  9.812E+05  220.5  206.2   96.6  236.0  179.0   22.0   12.0   10.6   25.9\
2024 10 10 284 12.00  695.0   40.0  255.0  1.331E+07  1.527E+05  1.452E+03 3.987E-16 1423.3  1423  2.293E+06  2.976E+00  1.829E+04  9.360E+05  220.5  206.2   96.6  236.0  179.0   22.0   12.0   10.6   25.9\
2024 10 10 284 12.00  700.0   40.0  255.0  1.261E+07  1.390E+05  1.304E+03 3.783E-16 1423.3  1423  2.263E+06  2.602E+00  1.823E+04  8.930E+05  220.5  206.2   96.6  236.0  179.0   22.0   12.0   10.6   25.9\
2024 10 10 284 12.00  705.0   40.0  255.0  1.195E+07  1.265E+05  1.171E+03 3.590E-16 1423.3  1423  2.233E+06  2.275E+00  1.817E+04  8.520E+05  220.5  206.2   96.6  236.0  179.0   22.0   12.0   10.6   25.9\
2024 10 10 284 12.00  710.0   40.0  255.0  1.133E+07  1.152E+05  1.052E+03 3.408E-16 1423.3  1423  2.203E+06  1.990E+00  1.811E+04  8.129E+05  220.5  206.2   96.6  236.0  179.0   22.0   12.0   10.6   25.9\
2024 10 10 284 12.00  715.0   40.0  255.0  1.074E+07  1.049E+05  9.452E+02 3.236E-16 1423.3  1423  2.174E+06  1.741E+00  1.805E+04  7.756E+05  220.5  206.2   96.6  236.0  179.0   22.0   12.0   10.6   25.9\
2024 10 10 284 12.00  720.0   40.0  255.0  1.018E+07  9.549E+04  8.493E+02 3.072E-16 1423.3  1423  2.145E+06  1.523E+00  1.799E+04  7.402E+05  220.5  206.2   96.6  236.0  179.0   22.0   12.0   10.6   25.9\
2024 10 10 284 12.00  725.0   40.0  255.0  9.649E+06  8.696E+04  7.633E+02 2.918E-16 1423.3  1423  2.116E+06  1.333E+00  1.793E+04  7.063E+05  220.5  206.2   96.6  236.0  179.0   22.0   12.0   10.6   25.9\
2024 10 10 284 12.00  730.0   40.0  255.0  9.148E+06  7.921E+04  6.860E+02 2.771E-16 1423.3  1423  2.088E+06  1.167E+00  1.787E+04  6.741E+05  220.5  206.2   96.6  236.0  179.0   22.0   12.0   10.6   25.9\
2024 10 10 284 12.00  735.0   40.0  255.0  8.674E+06  7.216E+04  6.167E+02 2.633E-16 1423.3  1423  2.061E+06  1.022E+00  1.781E+04  6.434E+05  220.5  206.2   96.6  236.0  179.0   22.0   12.0   10.6   25.9\
2024 10 10 284 12.00  740.0   40.0  255.0  8.224E+06  6.574E+04  5.545E+02 2.502E-16 1423.3  1423  2.033E+06  8.945E-01  1.775E+04  6.141E+05  220.5  206.2   96.6  236.0  179.0   22.0   12.0   10.6   25.9\
2024 10 10 284 12.00  745.0   40.0  255.0  7.799E+06  5.990E+04  4.986E+02 2.378E-16 1423.3  1423  2.007E+06  7.834E-01  1.769E+04  5.862E+05  220.5  206.2   96.6  236.0  179.0   22.0   12.0   10.6   25.9}