2022  7  5 186 12.00    0.0   40.0  255.0  9.999E-38  1.947E+19  5.221E+18 1.199E-03  291.2   991  1.297E+14  2.327E+17  9.999E-38  9.999E-38  104.4  120.0    2.6    3.0    4.0    2.0    2.0   12.0   12.6
2022  7  5 186 12.00    5.0   40.0  255.0  9.999E-38  1.149E+19  3.082E+18 7.075E-04  268.5   991  7.654E+13  1.374E+17  9.999E-38  9.999E-38  104.4  120.0    2.6    3.0    4.0    2.0    2.0   12.0   12.6
2022  7  5 186 12.00   10.0   40.0  255.0  9.999E-38  6.756E+18  1.812E+18 4.159E-04  230.4   991  4.499E+13  8.074E+16  9.999E-38  9.999E-38  104.4  120.0    2.6    3.0    4.0    2.0    2.0   12.0   12.6
2022  7  5 186 12.00   15.0   40.0  255.0  9.999E-38  3.391E+18  9.093E+17 2.087E-04  210.5   991  2.258E+13  4.052E+16  9.999E-38  9.999E-38  104.4  120.0    2.6    3.0    4.0    2.0    2.0   12.0   12.6
2022  7  5 186 12.00   20.0   40.0  255.0  9.999E-38  1.490E+18  3.996E+17 9.173E-05  214.4   991  9.924E+12  1.781E+16  9.999E-38  9.999E-38  104.4  120.0    2.6    3.0    4.0    2.0    2.0   12.0   12.6
2022  7  5 186 12.00   25.0   40.0  255.0  9.999E-38  6.613E+17  1.773E+17 4.071E-05  222.2   991  4.404E+12  7.904E+15  9.999E-38  9.999E-38  104.4  120.0    2.6    3.0    4.0    2.0    2.0   12.0   12.6
2022  7  5 186 12.00   30.0   40.0  255.0  9.999E-38  3.005E+17  8.059E+16 1.850E-05  231.9   991  2.001E+12  3.592E+15  9.999E-38  9.999E-38  104.4  120.0    2.6    3.0    4.0    2.0    2.0   12.0   12.6
2022  7  5 186 12.00   35.0   40.0  255.0  9.999E-38  1.405E+17  3.768E+16 8.649E-06  243.5   991  9.357E+11  1.679E+15  9.999E-38  9.999E-38  104.4  120.0    2.6    3.0    4.0    2.0    2.0   12.0   12.6
2022  7  5 186 12.00   40.0   40.0  255.0  9.999E-38  6.805E+16  1.825E+16 4.189E-06  255.6   991  4.532E+11  8.133E+14  9.999E-38  9.999E-38  104.4  120.0    2.6    3.0    4.0    2.0    2.0   12.0   12.6
2022  7  5 186 12.00   45.0   40.0  255.0  9.999E-38  3.424E+16  9.181E+15 2.108E-06  266.7   991  2.280E+11  4.092E+14  9.999E-38  9.999E-38  104.4  120.0    2.6    3.0    4.0    2.0    2.0   12.0   12.6
2022  7  5 186 12.00   50.0   40.0  255.0  9.999E-38  1.822E+16  4.887E+15 1.122E-06  267.8   991  1.214E+11  2.178E+14  9.999E-38  9.999E-38  104.4  120.0    2.6    3.0    4.0    2.0    2.0   12.0   12.6
2022  7  5 186 12.00   55.0   40.0  255.0  6.435E+09  1.008E+16  2.704E+15 6.208E-07  254.9   991  6.716E+10  1.205E+14  9.999E-38  9.999E-38  104.4  120.0    2.6    3.0    4.0    2.0    2.0   12.0   12.6
2022  7  5 186 12.00   60.0   40.0  255.0  7.051E+09  5.413E+15  1.451E+15 3.332E-07  241.7   991  3.604E+10  6.469E+13  9.999E-38  9.999E-38  104.4  120.0    2.6    3.0    4.0    2.0    2.0   12.0   12.6
2022  7  5 186 12.00   65.0   40.0  255.0  6.499E+09  2.852E+15  7.649E+14 1.756E-07  223.6   991  1.899E+10  3.409E+13  9.999E-38  9.999E-38  104.4  120.0    2.6    3.0    4.0    2.0    2.0   12.0   12.6
2022  7  5 186 12.00   70.0   40.0  255.0  6.100E+09  1.431E+15  3.837E+14 8.808E-08  203.3   991  9.528E+09  1.710E+13  9.999E-38  9.999E-38  104.4  120.0    2.6    3.0    4.0    2.0    2.0   12.0   12.6
2022  7  5 186 12.00   75.0   40.0  255.0  5.818E+09  6.487E+14  1.740E+14 3.994E-08  192.5   991  4.320E+09  7.753E+12  9.999E-38  9.999E-38  104.4  120.0    2.6    3.0    4.0    2.0    2.0   12.0   12.6
2022  7  5 186 12.00   80.0   40.0  255.0  1.050E+10  2.861E+14  7.670E+13 1.761E-08  177.5   991  1.934E+09  3.418E+12  2.694E+08  9.999E-38  104.4  120.0    2.6    3.0    4.0    2.0    2.0   12.0   12.6
2022  7  5 186 12.00   85.0   40.0  255.0  4.206E+10  1.134E+14  3.031E+13 6.974E-09  172.4   991  8.136E+08  1.351E+12  2.568E+08  9.999E-38  104.4  120.0    2.6    3.0    4.0    2.0    2.0   12.0   12.6
2022  7  5 186 12.00   90.0   40.0  255.0  3.258E+11  4.312E+13  1.135E+13 2.651E-09  176.2   991  3.507E+08  5.028E+11  1.352E+08  9.999E-38  104.4  120.0    2.6    3.0    4.0    2.0    2.0   12.0   12.6
2022  7  5 186 12.00   95.0   40.0  255.0  7.974E+11  1.674E+13  4.269E+12 1.039E-09  183.3   991  1.743E+08  1.857E+11  7.247E+07  1.050E+05  104.4  120.0    2.6    3.0    4.0    2.0    2.0   12.0   12.6
2022  7  5 186 12.00  100.0   40.0  255.0  5.296E+11  6.700E+12  1.612E+12 4.159E-10  192.9   991  9.927E+07  6.723E+10  4.055E+07  1.962E+05  104.4  120.0    2.6    3.0    4.0    2.0    2.0   12.0   12.6
2022  7  5 186 12.00  105.0   40.0  255.0  1.804E+11  2.743E+12  6.030E+11 1.660E-10  210.8   991  6.288E+07  2.348E+10  2.303E+07  3.531E+05  104.4  120.0    2.6    3.0    4.0    2.0    2.0   12.0   12.6
2022  7  5 186 12.00  110.0   40.0  255.0  9.317E+10  1.159E+12  2.284E+11 6.910E-11  244.4   991  4.250E+07  8.308E+09  1.322E+07  6.150E+05  104.4  120.0    2.6    3.0    4.0    2.0    2.0   12.0   12.6
2022  7  5 186 12.00  115.0   40.0  255.0  5.792E+10  5.251E+11  9.215E+10 3.107E-11  296.9   991  2.917E+07  3.161E+09  7.583E+06  1.034E+06  104.4  120.0    2.6    3.0    4.0    2.0    2.0   12.0   12.6
2022  7  5 186 12.00  120.0   40.0  255.0  3.820E+10  2.614E+11  4.100E+10 1.544E-11  367.3   991  2.059E+07  1.339E+09  4.489E+06  1.676E+06  104.4  120.0    2.6    3.0    4.0    2.0    2.0   12.0   12.6
2022  7  5 186 12.00  125.0   40.0  255.0  2.654E+10  1.445E+11  2.044E+10 8.555E-12  449.0   991  1.502E+07  6.402E+08  2.795E+06  2.628E+06  104.4  120.0    2.6    3.0    4.0    2.0    2.0   12.0   12.6
2022  7  5 186 12.00  130.0   40.0  255.0  1.965E+10  8.927E+10  1.150E+10 5.309E-12  524.1   991  1.164E+07  3.487E+08  1.867E+06  4.038E+06  104.4  120.0    2.6    3.0    4.0    2.0    2.0   12.0   12.6
2022  7  5 186 12.00  135.0   40.0  255.0  1.526E+10  5.977E+10  7.070E+09 3.575E-12  588.7   991  9.466E+06  2.084E+08  1.322E+06  6.018E+06  104.4  120.0    2.6    3.0    4.0    2.0    2.0   12.0   12.6
2022  7  5 186 12.00  140.0   40.0  255.0  1.226E+10  4.225E+10  4.618E+09 2.546E-12  644.3   991  7.963E+06  1.326E+08  9.775E+05  8.634E+06  104.4  120.0    2.6    3.0    4.0    2.0    2.0   12.0   12.6
2022  7  5 186 12.00  145.0   40.0  255.0  1.010E+10  3.106E+10  3.156E+09 1.887E-12  692.2   991  6.866E+06  8.821E+07  7.473E+05  1.191E+07  104.4  120.0    2.6    3.0    4.0    2.0    2.0   12.0   12.6
2022  7  5 186 12.00  150.0   40.0  255.0  8.473E+09  2.350E+10  2.233E+09 1.441E-12  733.3   991  6.034E+06  6.080E+07  5.872E+05  1.573E+07  104.4  120.0    2.6    3.0    4.0    2.0    2.0   12.0   12.6\
2022  7  5 186 12.00  155.0   40.0  255.0  7.208E+09  1.818E+10  1.624E+09 1.127E-12  768.8   991  5.384E+06  4.306E+07  4.727E+05  1.993E+07  104.4  120.0    2.6    3.0    4.0    2.0    2.0   12.0   12.6\
2022  7  5 186 12.00  160.0   40.0  255.0  6.203E+09  1.431E+10  1.208E+09 8.971E-13  799.3   991  4.865E+06  3.114E+07  3.889E+05  2.423E+07  104.4  120.0    2.6    3.0    4.0    2.0    2.0   12.0   12.6\
2022  7  5 186 12.00  165.0   40.0  255.0  5.388E+09  1.142E+10  9.153E+08 7.251E-13  825.6   991  4.443E+06  2.291E+07  3.266E+05  2.834E+07  104.4  120.0    2.6    3.0    4.0    2.0    2.0   12.0   12.6\
2022  7  5 186 12.00  170.0   40.0  255.0  4.719E+09  9.216E+09  7.044E+08 5.934E-13  848.2   991  4.095E+06  1.708E+07  2.794E+05  3.197E+07  104.4  120.0    2.6    3.0    4.0    2.0    2.0   12.0   12.6\
2022  7  5 186 12.00  175.0   40.0  255.0  4.159E+09  7.507E+09  5.493E+08 4.906E-13  867.7   991  3.805E+06  1.288E+07  2.434E+05  3.490E+07  104.4  120.0    2.6    3.0    4.0    2.0    2.0   12.0   12.6\
2022  7  5 186 12.00  180.0   40.0  255.0  3.687E+09  6.161E+09  4.330E+08 4.091E-13  884.5   991  3.560E+06  9.803E+06  2.155E+05  3.701E+07  104.4  120.0    2.6    3.0    4.0    2.0    2.0   12.0   12.6\
2022  7  5 186 12.00  185.0   40.0  255.0  3.284E+09  5.089E+09  3.446E+08 3.437E-13  899.0   991  3.352E+06  7.518E+06  1.937E+05  3.828E+07  104.4  120.0    2.6    3.0    4.0    2.0    2.0   12.0   12.6\
2022  7  5 186 12.00  190.0   40.0  255.0  2.936E+09  4.226E+09  2.765E+08 2.906E-13  911.5   991  3.172E+06  5.803E+06  1.765E+05  3.875E+07  104.4  120.0    2.6    3.0    4.0    2.0    2.0   12.0   12.6\
2022  7  5 186 12.00  195.0   40.0  255.0  2.634E+09  3.525E+09  2.233E+08 2.470E-13  922.3   991  3.017E+06  4.504E+06  1.628E+05  3.853E+07  104.4  120.0    2.6    3.0    4.0    2.0    2.0   12.0   12.6\
2022  7  5 186 12.00  200.0   40.0  255.0  2.370E+09  2.951E+09  1.813E+08 2.110E-13  931.6   991  2.881E+06  3.512E+06  1.518E+05  3.775E+07  104.4  120.0    2.6    3.0    4.0    2.0    2.0   12.0   12.6\
2022  7  5 186 12.00  205.0   40.0  255.0  2.138E+09  2.479E+09  1.480E+08 1.810E-13  939.6   991  2.760E+06  2.750E+06  1.429E+05  3.654E+07  104.4  120.0    2.6    3.0    4.0    2.0    2.0   12.0   12.6\
2022  7  5 186 12.00  210.0   40.0  255.0  1.932E+09  2.089E+09  1.212E+08 1.559E-13  946.5   991  2.653E+06  2.160E+06  1.356E+05  3.503E+07  104.4  120.0    2.6    3.0    4.0    2.0    2.0   12.0   12.6\
2022  7  5 186 12.00  215.0   40.0  255.0  1.749E+09  1.764E+09  9.969E+07 1.347E-13  952.5   991  2.556E+06  1.702E+06  1.297E+05  3.332E+07  104.4  120.0    2.6    3.0    4.0    2.0    2.0   12.0   12.6\
2022  7  5 186 12.00  220.0   40.0  255.0  1.587E+09  1.492E+09  8.221E+07 1.168E-13  957.6   991  2.469E+06  1.345E+06  1.247E+05  3.150E+07  104.4  120.0    2.6    3.0    4.0    2.0    2.0   12.0   12.6\
2022  7  5 186 12.00  225.0   40.0  255.0  1.441E+09  1.265E+09  6.796E+07 1.015E-13  962.1   991  2.389E+06  1.064E+06  1.206E+05  2.963E+07  104.4  120.0    2.6    3.0    4.0    2.0    2.0   12.0   12.6\
2022  7  5 186 12.00  230.0   40.0  255.0  1.310E+09  1.074E+09  5.631E+07 8.848E-14  965.9   991  2.316E+06  8.444E+05  1.171E+05  2.777E+07  104.4  120.0    2.6    3.0    4.0    2.0    2.0   12.0   12.6\
2022  7  5 186 12.00  235.0   40.0  255.0  1.192E+09  9.133E+08  4.674E+07 7.731E-14  969.3   991  2.248E+06  6.710E+05  1.141E+05  2.595E+07  104.4  120.0    2.6    3.0    4.0    2.0    2.0   12.0   12.6\
2022  7  5 186 12.00  240.0   40.0  255.0  1.086E+09  7.774E+08  3.886E+07 6.770E-14  972.1   991  2.184E+06  5.340E+05  1.116E+05  2.420E+07  104.4  120.0    2.6    3.0    4.0    2.0    2.0   12.0   12.6\
2022  7  5 186 12.00  245.0   40.0  255.0  9.904E+08  6.625E+08  3.236E+07 5.942E-14  974.6   991  2.125E+06  4.256E+05  1.095E+05  2.252E+07  104.4  120.0    2.6    3.0    4.0    2.0    2.0   12.0   12.6\
2022  7  5 186 12.00  250.0   40.0  255.0  9.036E+08  5.651E+08  2.697E+07 5.225E-14  976.8   991  2.069E+06  3.396E+05  1.076E+05  2.094E+07  104.4  120.0    2.6    3.0    4.0    2.0    2.0   12.0   12.6\
2022  7  5 186 12.00  255.0   40.0  255.0  8.249E+08  4.825E+08  2.251E+07 4.604E-14  978.6   991  2.015E+06  2.713E+05  1.059E+05  1.944E+07  104.4  120.0    2.6    3.0    4.0    2.0    2.0   12.0   12.6\
2022  7  5 186 12.00  260.0   40.0  255.0  7.534E+08  4.122E+08  1.880E+07 4.064E-14  980.2   991  1.965E+06  2.169E+05  1.045E+05  1.804E+07  104.4  120.0    2.6    3.0    4.0    2.0    2.0   12.0   12.6\
2022  7  5 186 12.00  265.0   40.0  255.0  6.885E+08  3.525E+08  1.572E+07 3.594E-14  981.6   991  1.917E+06  1.736E+05  1.032E+05  1.673E+07  104.4  120.0    2.6    3.0    4.0    2.0    2.0   12.0   12.6\
2022  7  5 186 12.00  270.0   40.0  255.0  6.295E+08  3.016E+08  1.315E+07 3.183E-14  982.8   991  1.871E+06  1.390E+05  1.020E+05  1.551E+07  104.4  120.0    2.6    3.0    4.0    2.0    2.0   12.0   12.6\
2022  7  5 186 12.00  275.0   40.0  255.0  5.758E+08  2.581E+08  1.101E+07 2.824E-14  983.8   991  1.826E+06  1.114E+05  1.010E+05  1.438E+07  104.4  120.0    2.6    3.0    4.0    2.0    2.0   12.0   12.6\
2022  7  5 186 12.00  280.0   40.0  255.0  5.268E+08  2.211E+08  9.226E+06 2.510E-14  984.7   991  1.784E+06  8.939E+04  1.000E+05  1.333E+07  104.4  120.0    2.6    3.0    4.0    2.0    2.0   12.0   12.6\
2022  7  5 186 12.00  285.0   40.0  255.0  4.822E+08  1.895E+08  7.734E+06 2.234E-14  985.5   991  1.743E+06  7.174E+04  9.911E+04  1.235E+07  104.4  120.0    2.6    3.0    4.0    2.0    2.0   12.0   12.6\
2022  7  5 186 12.00  290.0   40.0  255.0  4.415E+08  1.624E+08  6.486E+06 1.991E-14  986.2   991  1.703E+06  5.762E+04  9.828E+04  1.144E+07  104.4  120.0    2.6    3.0    4.0    2.0    2.0   12.0   12.6\
2022  7  5 186 12.00  295.0   40.0  255.0  4.043E+08  1.393E+08  5.443E+06 1.777E-14  986.8   991  1.664E+06  4.630E+04  9.751E+04  1.061E+07  104.4  120.0    2.6    3.0    4.0    2.0    2.0   12.0   12.6\
2022  7  5 186 12.00  300.0   40.0  255.0  3.703E+08  1.195E+08  4.569E+06 1.588E-14  987.3   991  1.627E+06  3.722E+04  9.678E+04  9.829E+06  104.4  120.0    2.6    3.0    4.0    2.0    2.0   12.0   12.6\
2022  7  5 186 12.00  305.0   40.0  255.0  3.393E+08  1.026E+08  3.837E+06 1.422E-14  987.7   991  1.591E+06  2.994E+04  9.609E+04  9.109E+06  104.4  120.0    2.6    3.0    4.0    2.0    2.0   12.0   12.6\
2022  7  5 186 12.00  310.0   40.0  255.0  3.110E+08  8.808E+07  3.224E+06 1.274E-14  988.1   991  1.556E+06  2.409E+04  9.543E+04  8.443E+06  104.4  120.0    2.6    3.0    4.0    2.0    2.0   12.0   12.6\
2022  7  5 186 12.00  315.0   40.0  255.0  2.851E+08  7.565E+07  2.710E+06 1.143E-14  988.4   991  1.522E+06  1.940E+04  9.480E+04  7.826E+06  104.4  120.0    2.6    3.0    4.0    2.0    2.0   12.0   12.6\
2022  7  5 186 12.00  320.0   40.0  255.0  2.614E+08  6.500E+07  2.279E+06 1.027E-14  988.7   991  1.488E+06  1.563E+04  9.420E+04  7.255E+06  104.4  120.0    2.6    3.0    4.0    2.0    2.0   12.0   12.6\
2022  7  5 186 12.00  325.0   40.0  255.0  2.397E+08  5.586E+07  1.917E+06 9.235E-15  989.0   991  1.456E+06  1.259E+04  9.361E+04  6.727E+06  104.4  120.0    2.6    3.0    4.0    2.0    2.0   12.0   12.6\
2022  7  5 186 12.00  330.0   40.0  255.0  2.198E+08  4.802E+07  1.613E+06 8.315E-15  989.2   991  1.424E+06  1.015E+04  9.304E+04  6.238E+06  104.4  120.0    2.6    3.0    4.0    2.0    2.0   12.0   12.6\
2022  7  5 186 12.00  335.0   40.0  255.0  2.017E+08  4.130E+07  1.357E+06 7.495E-15  989.4   991  1.394E+06  8.186E+03  9.248E+04  5.785E+06  104.4  120.0    2.6    3.0    4.0    2.0    2.0   12.0   12.6\
2022  7  5 186 12.00  340.0   40.0  255.0  1.850E+08  3.552E+07  1.143E+06 6.763E-15  989.5   991  1.364E+06  6.604E+03  9.194E+04  5.365E+06  104.4  120.0    2.6    3.0    4.0    2.0    2.0   12.0   12.6\
2022  7  5 186 12.00  345.0   40.0  255.0  1.698E+08  3.056E+07  9.625E+05 6.109E-15  989.7   991  1.335E+06  5.330E+03  9.140E+04  4.977E+06  104.4  120.0    2.6    3.0    4.0    2.0    2.0   12.0   12.6\
2022  7  5 186 12.00  350.0   40.0  255.0  1.558E+08  2.630E+07  8.108E+05 5.523E-15  989.8   991  1.306E+06  4.303E+03  9.088E+04  4.617E+06  104.4  120.0    2.6    3.0    4.0    2.0    2.0   12.0   12.6\
2022  7  5 186 12.00  355.0   40.0  255.0  1.430E+08  2.264E+07  6.833E+05 4.998E-15  989.9   991  1.278E+06  3.475E+03  9.037E+04  4.284E+06  104.4  120.0    2.6    3.0    4.0    2.0    2.0   12.0   12.6\
2022  7  5 186 12.00  360.0   40.0  255.0  1.313E+08  1.950E+07  5.760E+05 4.528E-15  990.0   991  1.251E+06  2.808E+03  8.987E+04  3.975E+06  104.4  120.0    2.6    3.0    4.0    2.0    2.0   12.0   12.6\
2022  7  5 186 12.00  365.0   40.0  255.0  1.206E+08  1.679E+07  4.856E+05 4.105E-15  990.1   991  1.225E+06  2.269E+03  8.937E+04  3.689E+06  104.4  120.0    2.6    3.0    4.0    2.0    2.0   12.0   12.6\
2022  7  5 186 12.00  370.0   40.0  255.0  1.107E+08  1.447E+07  4.096E+05 3.725E-15  990.2   991  1.199E+06  1.835E+03  8.888E+04  3.424E+06  104.4  120.0    2.6    3.0    4.0    2.0    2.0   12.0   12.6\
2022  7  5 186 12.00  375.0   40.0  255.0  1.017E+08  1.247E+07  3.456E+05 3.382E-15  990.2   991  1.173E+06  1.484E+03  8.839E+04  3.178E+06  104.4  120.0    2.6    3.0    4.0    2.0    2.0   12.0   12.6\
2022  7  5 186 12.00  380.0   40.0  255.0  9.343E+07  1.074E+07  2.916E+05 3.074E-15  990.3   991  1.149E+06  1.201E+03  8.791E+04  2.951E+06  104.4  120.0    2.6    3.0    4.0    2.0    2.0   12.0   12.6\
2022  7  5 186 12.00  385.0   40.0  255.0  8.584E+07  9.263E+06  2.461E+05 2.796E-15  990.3   991  1.124E+06  9.716E+02  8.744E+04  2.740E+06  104.4  120.0    2.6    3.0    4.0    2.0    2.0   12.0   12.6\
2022  7  5 186 12.00  390.0   40.0  255.0  7.887E+07  7.987E+06  2.078E+05 2.545E-15  990.4   991  1.101E+06  7.866E+02  8.697E+04  2.544E+06  104.4  120.0    2.6    3.0    4.0    2.0    2.0   12.0   12.6\
2022  7  5 186 12.00  395.0   40.0  255.0  7.248E+07  6.889E+06  1.755E+05 2.318E-15  990.4   991  1.078E+06  6.370E+02  8.650E+04  2.363E+06  104.4  120.0    2.6    3.0    4.0    2.0    2.0   12.0   12.6\
2022  7  5 186 12.00  400.0   40.0  255.0  6.662E+07  5.943E+06  1.483E+05 2.113E-15  990.4   991  1.055E+06  5.160E+02  8.604E+04  2.195E+06  104.4  120.0    2.6    3.0    4.0    2.0    2.0   12.0   12.6\
2022  7  5 186 12.00  405.0   40.0  255.0  6.124E+07  5.128E+06  1.253E+05 1.927E-15  990.4   991  1.033E+06  4.182E+02  8.559E+04  2.039E+06  104.4  120.0    2.6    3.0    4.0    2.0    2.0   12.0   12.6\
2022  7  5 186 12.00  410.0   40.0  255.0  5.630E+07  4.426E+06  1.059E+05 1.758E-15  990.5   991  1.012E+06  3.390E+02  8.513E+04  1.894E+06  104.4  120.0    2.6    3.0    4.0    2.0    2.0   12.0   12.6\
2022  7  5 186 12.00  415.0   40.0  255.0  5.176E+07  3.821E+06  8.953E+04 1.606E-15  990.5   991  9.907E+05  2.749E+02  8.468E+04  1.760E+06  104.4  120.0    2.6    3.0    4.0    2.0    2.0   12.0   12.6\
2022  7  5 186 12.00  420.0   40.0  255.0  4.760E+07  3.300E+06  7.571E+04 1.467E-15  990.5   991  9.701E+05  2.230E+02  8.424E+04  1.635E+06  104.4  120.0    2.6    3.0    4.0    2.0    2.0   12.0   12.6\
2022  7  5 186 12.00  425.0   40.0  255.0  4.378E+07  2.850E+06  6.404E+04 1.341E-15  990.5   991  9.500E+05  1.809E+02  8.379E+04  1.520E+06  104.4  120.0    2.6    3.0    4.0    2.0    2.0   12.0   12.6\
2022  7  5 186 12.00  430.0   40.0  255.0  4.027E+07  2.462E+06  5.418E+04 1.227E-15  990.5   991  9.304E+05  1.468E+02  8.336E+04  1.412E+06  104.4  120.0    2.6    3.0    4.0    2.0    2.0   12.0   12.6\
2022  7  5 186 12.00  435.0   40.0  255.0  3.704E+07  2.127E+06  4.585E+04 1.123E-15  990.5   991  9.112E+05  1.192E+02  8.292E+04  1.313E+06  104.4  120.0    2.6    3.0    4.0    2.0    2.0   12.0   12.6\
2022  7  5 186 12.00  440.0   40.0  255.0  3.408E+07  1.838E+06  3.881E+04 1.028E-15  990.6   991  8.924E+05  9.682E+01  8.249E+04  1.220E+06  104.4  120.0    2.6    3.0    4.0    2.0    2.0   12.0   12.6\
2022  7  5 186 12.00  445.0   40.0  255.0  3.136E+07  1.589E+06  3.286E+04 9.415E-16  990.6   991  8.740E+05  7.866E+01  8.206E+04  1.135E+06  104.4  120.0    2.6    3.0    4.0    2.0    2.0   12.0   12.6\
2022  7  5 186 12.00  450.0   40.0  255.0  2.886E+07  1.374E+06  2.783E+04 8.629E-16  990.6   991  8.560E+05  6.392E+01  8.163E+04  1.055E+06  104.4  120.0    2.6    3.0    4.0    2.0    2.0   12.0   12.6\
2022  7  5 186 12.00  455.0   40.0  255.0  2.656E+07  1.188E+06  2.357E+04 7.911E-16  990.6   991  8.384E+05  5.196E+01  8.121E+04  9.812E+05  104.4  120.0    2.6    3.0    4.0    2.0    2.0   12.0   12.6\
2022  7  5 186 12.00  460.0   40.0  255.0  2.445E+07  1.028E+06  1.998E+04 7.257E-16  990.6   991  8.212E+05  4.225E+01  8.079E+04  9.125E+05  104.4  120.0    2.6    3.0    4.0    2.0    2.0   12.0   12.6\
2022  7  5 186 12.00  465.0   40.0  255.0  2.251E+07  8.892E+05  1.693E+04 6.659E-16  990.6   991  8.044E+05  3.437E+01  8.037E+04  8.488E+05  104.4  120.0    2.6    3.0    4.0    2.0    2.0   12.0   12.6\
2022  7  5 186 12.00  470.0   40.0  255.0  2.072E+07  7.694E+05  1.435E+04 6.113E-16  990.6   991  7.880E+05  2.797E+01  7.996E+04  7.896E+05  104.4  120.0    2.6    3.0    4.0    2.0    2.0   12.0   12.6\
2022  7  5 186 12.00  475.0   40.0  255.0  1.908E+07  6.660E+05  1.217E+04 5.615E-16  990.6   991  7.719E+05  2.276E+01  7.955E+04  7.346E+05  104.4  120.0    2.6    3.0    4.0    2.0    2.0   12.0   12.6\
2022  7  5 186 12.00  480.0   40.0  255.0  1.758E+07  5.766E+05  1.032E+04 5.158E-16  990.6   991  7.562E+05  1.853E+01  7.914E+04  6.835E+05  104.4  120.0    2.6    3.0    4.0    2.0    2.0   12.0   12.6\
2022  7  5 186 12.00  485.0   40.0  255.0  1.619E+07  4.992E+05  8.756E+03 4.741E-16  990.6   991  7.408E+05  1.509E+01  7.873E+04  6.360E+05  104.4  120.0    2.6    3.0    4.0    2.0    2.0   12.0   12.6\
2022  7  5 186 12.00  490.0   40.0  255.0  1.491E+07  4.324E+05  7.430E+03 4.359E-16  990.6   991  7.257E+05  1.229E+01  7.833E+04  5.919E+05  104.4  120.0    2.6    3.0    4.0    2.0    2.0   12.0   12.6\
2022  7  5 186 12.00  495.0   40.0  255.0  1.374E+07  3.746E+05  6.307E+03 4.009E-16  990.6   991  7.110E+05  1.002E+01  7.793E+04  5.509E+05  104.4  120.0    2.6    3.0    4.0    2.0    2.0   12.0   12.6\
2022  7  5 186 12.00  500.0   40.0  255.0  1.266E+07  3.245E+05  5.354E+03 3.689E-16  990.6   991  6.966E+05  8.166E+00  7.753E+04  5.128E+05  104.4  120.0    2.6    3.0    4.0    2.0    2.0   12.0   12.6\
2022  7  5 186 12.00  505.0   40.0  255.0  1.166E+07  2.813E+05  4.546E+03 3.395E-16  990.6   991  6.825E+05  6.658E+00  7.713E+04  4.774E+05  104.4  120.0    2.6    3.0    4.0    2.0    2.0   12.0   12.6\
2022  7  5 186 12.00  510.0   40.0  255.0  1.075E+07  2.438E+05  3.862E+03 3.126E-16  990.6   991  6.687E+05  5.431E+00  7.674E+04  4.445E+05  104.4  120.0    2.6    3.0    4.0    2.0    2.0   12.0   12.6\
2022  7  5 186 12.00  515.0   40.0  255.0  9.908E+06  2.114E+05  3.281E+03 2.879E-16  990.6   991  6.552E+05  4.431E+00  7.635E+04  4.138E+05  104.4  120.0    2.6    3.0    4.0    2.0    2.0   12.0   12.6\
2022  7  5 186 12.00  520.0   40.0  255.0  9.134E+06  1.833E+05  2.788E+03 2.653E-16  990.6   991  6.420E+05  3.616E+00  7.596E+04  3.854E+05  104.4  120.0    2.6    3.0    4.0    2.0    2.0   12.0   12.6\
2022  7  5 186 12.00  525.0   40.0  255.0  8.421E+06  1.590E+05  2.370E+03 2.445E-16  990.6   991  6.291E+05  2.952E+00  7.558E+04  3.589E+05  104.4  120.0    2.6    3.0    4.0    2.0    2.0   12.0   12.6\
2022  7  5 186 12.00  530.0   40.0  255.0  7.764E+06  1.379E+05  2.015E+03 2.254E-16  990.6   991  6.165E+05  2.410E+00  7.520E+04  3.343E+05  104.4  120.0    2.6    3.0    4.0    2.0    2.0   12.0   12.6\
2022  7  5 186 12.00  535.0   40.0  255.0  7.160E+06  1.197E+05  1.713E+03 2.079E-16  990.6   991  6.041E+05  1.969E+00  7.482E+04  3.114E+05  104.4  120.0    2.6    3.0    4.0    2.0    2.0   12.0   12.6\
2022  7  5 186 12.00  540.0   40.0  255.0  6.604E+06  1.039E+05  1.457E+03 1.917E-16  990.6   991  5.920E+05  1.609E+00  7.444E+04  2.901E+05  104.4  120.0    2.6    3.0    4.0    2.0    2.0   12.0   12.6\
2022  7  5 186 12.00  545.0   40.0  255.0  6.091E+06  9.017E+04  1.240E+03 1.769E-16  990.6   991  5.802E+05  1.315E+00  7.406E+04  2.703E+05  104.4  120.0    2.6    3.0    4.0    2.0    2.0   12.0   12.6\
2022  7  5 186 12.00  550.0   40.0  255.0  5.619E+06  7.829E+04  1.055E+03 1.633E-16  990.6   991  5.686E+05  1.075E+00  7.369E+04  2.519E+05  104.4  120.0    2.6    3.0    4.0    2.0    2.0   12.0   12.6\
2022  7  5 186 12.00  555.0   40.0  255.0  5.184E+06  6.799E+04  8.980E+02 1.508E-16  990.6   991  5.572E+05  8.790E-01  7.332E+04  2.347E+05  104.4  120.0    2.6    3.0    4.0    2.0    2.0   12.0   12.6\
2022  7  5 186 12.00  560.0   40.0  255.0  4.783E+06  5.906E+04  7.645E+02 1.393E-16  990.6   991  5.461E+05  7.190E-01  7.295E+04  2.187E+05  104.4  120.0    2.6    3.0    4.0    2.0    2.0   12.0   12.6\
2022  7  5 186 12.00  565.0   40.0  255.0  4.414E+06  5.131E+04  6.511E+02 1.287E-16  990.6   991  5.353E+05  5.883E-01  7.259E+04  2.039E+05  104.4  120.0    2.6    3.0    4.0    2.0    2.0   12.0   12.6\
2022  7  5 186 12.00  570.0   40.0  255.0  4.074E+06  4.459E+04  5.546E+02 1.189E-16  990.6   991  5.247E+05  4.815E-01  7.222E+04  1.901E+05  104.4  120.0    2.6    3.0    4.0    2.0    2.0   12.0   12.6\
2022  7  5 186 12.00  575.0   40.0  255.0  3.760E+06  3.875E+04  4.725E+02 1.100E-16  990.6   991  5.143E+05  3.943E-01  7.186E+04  1.772E+05  104.4  120.0    2.6    3.0    4.0    2.0    2.0   12.0   12.6\
2022  7  5 186 12.00  580.0   40.0  255.0  3.471E+06  3.369E+04  4.026E+02 1.017E-16  990.6   991  5.041E+05  3.229E-01  7.151E+04  1.652E+05  104.4  120.0    2.6    3.0    4.0    2.0    2.0   12.0   12.6\
2022  7  5 186 12.00  585.0   40.0  255.0  3.205E+06  2.929E+04  3.432E+02 9.408E-17  990.6   991  4.941E+05  2.645E-01  7.115E+04  1.541E+05  104.4  120.0    2.6    3.0    4.0    2.0    2.0   12.0   12.6\
2022  7  5 186 12.00  590.0   40.0  255.0  2.959E+06  2.547E+04  2.926E+02 8.706E-17  990.6   991  4.844E+05  2.167E-01  7.080E+04  1.437E+05  104.4  120.0    2.6    3.0    4.0    2.0    2.0   12.0   12.6\
2022  7  5 186 12.00  595.0   40.0  255.0  2.732E+06  2.216E+04  2.495E+02 8.059E-17  990.6   991  4.748E+05  1.777E-01  7.044E+04  1.340E+05  104.4  120.0    2.6    3.0    4.0    2.0    2.0   12.0   12.6\
2022  7  5 186 12.00  600.0   40.0  255.0  2.524E+06  1.928E+04  2.128E+02 7.463E-17  990.6   991  4.655E+05  1.457E-01  7.009E+04  1.250E+05  104.4  120.0    2.6    3.0    4.0    2.0    2.0   12.0   12.6\
2022  7  5 186 12.00  605.0   40.0  255.0  2.331E+06  1.677E+04  1.816E+02 6.913E-17  990.6   991  4.563E+05  1.195E-01  6.975E+04  1.166E+05  104.4  120.0    2.6    3.0    4.0    2.0    2.0   12.0   12.6\
2022  7  5 186 12.00  610.0   40.0  255.0  2.153E+06  1.460E+04  1.549E+02 6.406E-17  990.6   991  4.473E+05  9.801E-02  6.940E+04  1.088E+05  104.4  120.0    2.6    3.0    4.0    2.0    2.0   12.0   12.6\
2022  7  5 186 12.00  615.0   40.0  255.0  1.989E+06  1.271E+04  1.322E+02 5.938E-17  990.6   991  4.386E+05  8.043E-02  6.906E+04  1.015E+05  104.4  120.0    2.6    3.0    4.0    2.0    2.0   12.0   12.6\
2022  7  5 186 12.00  620.0   40.0  255.0  1.838E+06  1.107E+04  1.129E+02 5.506E-17  990.6   991  4.300E+05  6.602E-02  6.872E+04  9.469E+04  104.4  120.0    2.6    3.0    4.0    2.0    2.0   12.0   12.6\
2022  7  5 186 12.00  625.0   40.0  255.0  1.699E+06  9.638E+03  9.641E+01 5.108E-17  990.6   991  4.216E+05  5.421E-02  6.838E+04  8.837E+04  104.4  120.0    2.6    3.0    4.0    2.0    2.0   12.0   12.6\
2022  7  5 186 12.00  630.0   40.0  255.0  1.570E+06  8.395E+03  8.234E+01 4.740E-17  990.6   991  4.134E+05  4.452E-02  6.804E+04  8.248E+04  104.4  120.0    2.6    3.0    4.0    2.0    2.0   12.0   12.6\
2022  7  5 186 12.00  635.0   40.0  255.0  1.451E+06  7.314E+03  7.035E+01 4.401E-17  990.6   991  4.053E+05  3.657E-02  6.771E+04  7.698E+04  104.4  120.0    2.6    3.0    4.0    2.0    2.0   12.0   12.6\
2022  7  5 186 12.00  640.0   40.0  255.0  1.341E+06  6.374E+03  6.011E+01 4.087E-17  990.6   991  3.974E+05  3.006E-02  6.738E+04  7.186E+04  104.4  120.0    2.6    3.0    4.0    2.0    2.0   12.0   12.6\
2022  7  5 186 12.00  645.0   40.0  255.0  1.240E+06  5.555E+03  5.138E+01 3.797E-17  990.6   991  3.897E+05  2.471E-02  6.705E+04  6.709E+04  104.4  120.0    2.6    3.0    4.0    2.0    2.0   12.0   12.6\
2022  7  5 186 12.00  650.0   40.0  255.0  1.146E+06  4.843E+03  4.392E+01 3.529E-17  990.6   991  3.821E+05  2.031E-02  6.672E+04  6.264E+04  104.4  120.0    2.6    3.0    4.0    2.0    2.0   12.0   12.6\
2022  7  5 186 12.00  655.0   40.0  255.0  1.060E+06  4.222E+03  3.756E+01 3.282E-17  990.6   991  3.747E+05  1.671E-02  6.640E+04  5.849E+04  104.4  120.0    2.6    3.0    4.0    2.0    2.0   12.0   12.6\
2022  7  5 186 12.00  660.0   40.0  255.0  9.804E+05  3.682E+03  3.212E+01 3.053E-17  990.6   991  3.675E+05  1.375E-02  6.607E+04  5.462E+04  104.4  120.0    2.6    3.0    4.0    2.0    2.0   12.0   12.6\
2022  7  5 186 12.00  665.0   40.0  255.0  9.068E+05  3.212E+03  2.748E+01 2.841E-17  990.6   991  3.604E+05  1.131E-02  6.575E+04  5.101E+04  104.4  120.0    2.6    3.0    4.0    2.0    2.0   12.0   12.6\
2022  7  5 186 12.00  670.0   40.0  255.0  8.388E+05  2.802E+03  2.351E+01 2.645E-17  990.6   991  3.534E+05  9.311E-03  6.543E+04  4.765E+04  104.4  120.0    2.6    3.0    4.0    2.0    2.0   12.0   12.6\
2022  7  5 186 12.00  675.0   40.0  255.0  7.760E+05  2.445E+03  2.012E+01 2.464E-17  990.6   991  3.466E+05  7.666E-03  6.511E+04  4.451E+04  104.4  120.0    2.6    3.0    4.0    2.0    2.0   12.0   12.6\
2022  7  5 186 12.00  680.0   40.0  255.0  7.180E+05  2.134E+03  1.723E+01 2.297E-17  990.6   991  3.399E+05  6.314E-03  6.480E+04  4.158E+04  104.4  120.0    2.6    3.0    4.0    2.0    2.0   12.0   12.6\
2022  7  5 186 12.00  685.0   40.0  255.0  6.643E+05  1.863E+03  1.475E+01 2.141E-17  990.6   991  3.334E+05  5.202E-03  6.448E+04  3.885E+04  104.4  120.0    2.6    3.0    4.0    2.0    2.0   12.0   12.6\
2022  7  5 186 12.00  690.0   40.0  255.0  6.148E+05  1.627E+03  1.263E+01 1.998E-17  990.6   991  3.270E+05  4.287E-03  6.417E+04  3.630E+04  104.4  120.0    2.6    3.0    4.0    2.0    2.0   12.0   12.6\
2022  7  5 186 12.00  695.0   40.0  255.0  5.690E+05  1.420E+03  1.082E+01 1.865E-17  990.6   991  3.207E+05  3.533E-03  6.386E+04  3.392E+04  104.4  120.0    2.6    3.0    4.0    2.0    2.0   12.0   12.6
2022  7  5 186 12.00  700.0   40.0  255.0  5.267E+05  1.241E+03  9.270E+00 1.741E-17  990.6   991  3.146E+05  2.913E-03  6.356E+04  3.170E+04  104.4  120.0    2.6    3.0    4.0    2.0    2.0   12.0   12.6
2022  7  5 186 12.00  705.0   40.0  255.0  4.876E+05  1.084E+03  7.944E+00 1.627E-17  990.6   991  3.086E+05  2.403E-03  6.325E+04  2.963E+04  104.4  120.0    2.6    3.0    4.0    2.0    2.0   12.0   12.6
2022  7  5 186 12.00  710.0   40.0  255.0  4.514E+05  9.470E+02  6.810E+00 1.521E-17  990.6   991  3.027E+05  1.982E-03  6.295E+04  2.770E+04  104.4  120.0    2.6    3.0    4.0    2.0    2.0   12.0   12.6
2022  7  5 186 12.00  715.0   40.0  255.0  4.180E+05  8.276E+02  5.838E+00 1.423E-17  990.6   991  2.969E+05  1.636E-03  6.264E+04  2.590E+04  104.4  120.0    2.6    3.0    4.0    2.0    2.0   12.0   12.6
2022  7  5 186 12.00  720.0   40.0  255.0  3.871E+05  7.235E+02  5.007E+00 1.332E-17  990.6   991  2.913E+05  1.350E-03  6.234E+04  2.421E+04  104.4  120.0    2.6    3.0    4.0    2.0    2.0   12.0   12.6
2022  7  5 186 12.00  725.0   40.0  255.0  3.585E+05  6.325E+02  4.294E+00 1.248E-17  990.6   991  2.857E+05  1.115E-03  6.205E+04  2.264E+04  104.4  120.0    2.6    3.0    4.0    2.0    2.0   12.0   12.6
2022  7  5 186 12.00  730.0   40.0  255.0  3.320E+05  5.531E+02  3.684E+00 1.169E-17  990.6   991  2.803E+05  9.206E-04  6.175E+04  2.117E+04  104.4  120.0    2.6    3.0    4.0    2.0    2.0   12.0   12.6
2022  7  5 186 12.00  735.0   40.0  255.0  3.076E+05  4.837E+02  3.161E+00 1.097E-17  990.6   991  2.750E+05  7.605E-04  6.145E+04  1.980E+04  104.4  120.0    2.6    3.0    4.0    2.0    2.0   12.0   12.6
2022  7  5 186 12.00  740.0   40.0  255.0  2.849E+05  4.232E+02  2.713E+00 1.029E-17  990.6   991  2.698E+05  6.284E-04  6.116E+04  1.852E+04  104.4  120.0    2.6    3.0    4.0    2.0    2.0   12.0   12.6
2022  7  5 186 12.00  745.0   40.0  255.0  2.640E+05  3.702E+02  2.329E+00 9.664E-18  990.6   991  2.647E+05  5.194E-04  6.087E+04  1.732E+04  104.4  120.0    2.6    3.0    4.0    2.0    2.0   12.0   12.6