2020  1  2   2  0.00    0.0   40.0  255.0  9.999E-38  2.003E+19  5.371E+18 1.233E-03  283.1   643  1.334E+14  2.394E+17  9.999E-38  9.999E-38   71.8   71.5    2.1    2.0    0.0    0.0    3.0    2.5    2.9
2020  1  2   2  0.00    5.0   40.0  255.0  9.999E-38  1.167E+19  3.130E+18 7.185E-04  259.1   643  7.773E+13  1.395E+17  9.999E-38  9.999E-38   71.8   71.5    2.1    2.0    0.0    0.0    3.0    2.5    2.9
2020  1  2   2  0.00   10.0   40.0  255.0  9.999E-38  6.609E+18  1.772E+18 4.069E-04  225.9   643  4.402E+13  7.899E+16  9.999E-38  9.999E-38   71.8   71.5    2.1    2.0    0.0    0.0    3.0    2.5    2.9
2020  1  2   2  0.00   15.0   40.0  255.0  9.999E-38  3.208E+18  8.604E+17 1.975E-04  213.5   643  2.137E+13  3.834E+16  9.999E-38  9.999E-38   71.8   71.5    2.1    2.0    0.0    0.0    3.0    2.5    2.9
2020  1  2   2  0.00   20.0   40.0  255.0  9.999E-38  1.456E+18  3.903E+17 8.961E-05  210.9   643  9.694E+12  1.740E+16  9.999E-38  9.999E-38   71.8   71.5    2.1    2.0    0.0    0.0    3.0    2.5    2.9
2020  1  2   2  0.00   25.0   40.0  255.0  9.999E-38  6.407E+17  1.718E+17 3.944E-05  216.4   643  4.266E+12  7.657E+15  9.999E-38  9.999E-38   71.8   71.5    2.1    2.0    0.0    0.0    3.0    2.5    2.9
2020  1  2   2  0.00   30.0   40.0  255.0  9.999E-38  2.897E+17  7.769E+16 1.783E-05  220.6   643  1.929E+12  3.462E+15  9.999E-38  9.999E-38   71.8   71.5    2.1    2.0    0.0    0.0    3.0    2.5    2.9
2020  1  2   2  0.00   35.0   40.0  255.0  9.999E-38  1.314E+17  3.522E+16 8.086E-06  229.1   643  8.748E+11  1.570E+15  9.999E-38  9.999E-38   71.8   71.5    2.1    2.0    0.0    0.0    3.0    2.5    2.9
2020  1  2   2  0.00   40.0   40.0  255.0  9.999E-38  6.100E+16  1.636E+16 3.755E-06  239.9   643  4.062E+11  7.290E+14  9.999E-38  9.999E-38   71.8   71.5    2.1    2.0    0.0    0.0    3.0    2.5    2.9
2020  1  2   2  0.00   45.0   40.0  255.0  9.999E-38  2.912E+16  7.809E+15 1.793E-06  254.4   643  1.939E+11  3.480E+14  9.999E-38  9.999E-38   71.8   71.5    2.1    2.0    0.0    0.0    3.0    2.5    2.9
2020  1  2   2  0.00   50.0   40.0  255.0  9.999E-38  1.511E+16  4.051E+15 9.299E-07  253.9   643  1.006E+11  1.805E+14  9.999E-38  9.999E-38   71.8   71.5    2.1    2.0    0.0    0.0    3.0    2.5    2.9
2020  1  2   2  0.00   55.0   40.0  255.0  4.486E+07  7.968E+15  2.137E+15 4.905E-07  245.9   643  5.306E+10  9.522E+13  9.999E-38  9.999E-38   71.8   71.5    2.1    2.0    0.0    0.0    3.0    2.5    2.9
2020  1  2   2  0.00   60.0   40.0  255.0  4.169E+07  4.136E+15  1.109E+15 2.546E-07  236.5   643  2.754E+10  4.943E+13  9.999E-38  9.999E-38   71.8   71.5    2.1    2.0    0.0    0.0    3.0    2.5    2.9
2020  1  2   2  0.00   65.0   40.0  255.0  5.678E+07  2.095E+15  5.617E+14 1.290E-07  226.5   643  1.395E+10  2.503E+13  9.999E-38  9.999E-38   71.8   71.5    2.1    2.0    0.0    0.0    3.0    2.5    2.9
2020  1  2   2  0.00   70.0   40.0  255.0  1.296E+08  1.028E+15  2.758E+14 6.330E-08  217.0   643  6.848E+09  1.229E+13  9.999E-38  9.999E-38   71.8   71.5    2.1    2.0    0.0    0.0    3.0    2.5    2.9
2020  1  2   2  0.00   75.0   40.0  255.0  3.053E+08  4.870E+14  1.306E+14 2.998E-08  209.2   643  3.243E+09  5.821E+12  9.999E-38  9.999E-38   71.8   71.5    2.1    2.0    0.0    0.0    3.0    2.5    2.9
2020  1  2   2  0.00   80.0   40.0  255.0  3.356E+09  2.230E+14  5.981E+13 1.373E-08  203.4   643  1.505E+09  2.665E+12  1.203E+08  9.999E-38   71.8   71.5    2.1    2.0    0.0    0.0    3.0    2.5    2.9
2020  1  2   2  0.00   85.0   40.0  255.0  1.657E+11  9.771E+13  2.620E+13 6.019E-09  205.2   643  6.963E+08  1.168E+12  1.232E+08  9.999E-38   71.8   71.5    2.1    2.0    0.0    0.0    3.0    2.5    2.9
2020  1  2   2  0.00   90.0   40.0  255.0  4.661E+11  4.319E+13  1.154E+13 2.669E-09  208.0   643  3.477E+08  5.109E+11  7.428E+07  9.999E-38   71.8   71.5    2.1    2.0    0.0    0.0    3.0    2.5    2.9
2020  1  2   2  0.00   95.0   40.0  255.0  6.017E+11  1.985E+13  5.248E+12 1.233E-09  202.4   643  2.069E+08  2.266E+11  4.731E+07  3.336E+04   71.8   71.5    2.1    2.0    0.0    0.0    3.0    2.5    2.9
2020  1  2   2  0.00  100.0   40.0  255.0  5.151E+11  9.069E+12  2.323E+12 5.652E-10  191.0   643  1.437E+08  9.360E+10  3.255E+07  7.211E+04   71.8   71.5    2.1    2.0    0.0    0.0    3.0    2.5    2.9
2020  1  2   2  0.00  105.0   40.0  255.0  3.335E+11  3.812E+12  9.161E+11 2.370E-10  191.8   643  1.076E+08  3.236E+10  2.241E+07  1.365E+05   71.8   71.5    2.1    2.0    0.0    0.0    3.0    2.5    2.9
2020  1  2   2  0.00  110.0   40.0  255.0  1.933E+11  1.507E+12  3.333E+11 9.363E-11  217.7   643  8.215E+07  1.001E+10  1.500E+07  2.301E+05   71.8   71.5    2.1    2.0    0.0    0.0    3.0    2.5    2.9
2020  1  2   2  0.00  115.0   40.0  255.0  1.109E+11  6.278E+11  1.274E+11 3.913E-11  266.4   643  6.241E+07  3.238E+09  9.816E+06  3.679E+05   71.8   71.5    2.1    2.0    0.0    0.0    3.0    2.5    2.9
2020  1  2   2  0.00  120.0   40.0  255.0  6.804E+10  2.969E+11  5.546E+10 1.865E-11  326.5   643  4.951E+07  1.204E+09  6.717E+06  5.838E+05   71.8   71.5    2.1    2.0    0.0    0.0    3.0    2.5    2.9
2020  1  2   2  0.00  125.0   40.0  255.0  4.539E+10  1.595E+11  2.760E+10 1.013E-11  387.9   643  4.101E+07  5.165E+08  4.881E+06  9.175E+05   71.8   71.5    2.1    2.0    0.0    0.0    3.0    2.5    2.9
2020  1  2   2  0.00  130.0   40.0  255.0  3.266E+10  9.579E+10  1.546E+10 6.162E-12  439.5   643  3.580E+07  2.527E+08  3.769E+06  1.415E+06   71.8   71.5    2.1    2.0    0.0    0.0    3.0    2.5    2.9
2020  1  2   2  0.00  135.0   40.0  255.0  2.476E+10  6.203E+10  9.376E+09 4.051E-12  480.6   643  3.245E+07  1.352E+08  3.049E+06  2.107E+06   71.8   71.5    2.1    2.0    0.0    0.0    3.0    2.5    2.9
2020  1  2   2  0.00  140.0   40.0  255.0  1.946E+10  4.221E+10  5.999E+09 2.805E-12  513.3   643  3.013E+07  7.682E+07  2.547E+06  3.013E+06   71.8   71.5    2.1    2.0    0.0    0.0    3.0    2.5    2.9
2020  1  2   2  0.00  145.0   40.0  255.0  1.571E+10  2.975E+10  3.989E+09 2.016E-12  539.3   643  2.844E+07  4.560E+07  2.180E+06  4.129E+06   71.8   71.5    2.1    2.0    0.0    0.0    3.0    2.5    2.9
2020  1  2   2  0.00  150.0   40.0  255.0  1.290E+10  2.150E+10  2.729E+09 1.490E-12  560.1   643  2.715E+07  2.802E+07  1.901E+06  5.404E+06   71.8   71.5    2.1    2.0    0.0    0.0    3.0    2.5    2.9
2020  1  2   2  0.00  155.0   40.0  255.0  1.072E+10  1.583E+10  1.907E+09 1.124E-12  576.7   643  2.611E+07  1.769E+07  1.684E+06  6.760E+06   71.8   71.5    2.1    2.0    0.0    0.0    3.0    2.5    2.9
2020  1  2   2  0.00  160.0   40.0  255.0  9.004E+09  1.182E+10  1.355E+09 8.621E-13  589.9   643  2.524E+07  1.141E+07  1.512E+06  8.092E+06   71.8   71.5    2.1    2.0    0.0    0.0    3.0    2.5    2.9
2020  1  2   2  0.00  165.0   40.0  255.0  7.618E+09  8.919E+09  9.751E+08 6.700E-13  600.5   643  2.449E+07  7.483E+06  1.374E+06  9.291E+06   71.8   71.5    2.1    2.0    0.0    0.0    3.0    2.5    2.9
2020  1  2   2  0.00  170.0   40.0  255.0  6.483E+09  6.788E+09  7.092E+08 5.264E-13  608.9   643  2.380E+07  4.980E+06  1.262E+06  1.026E+07   71.8   71.5    2.1    2.0    0.0    0.0    3.0    2.5    2.9
2020  1  2   2  0.00  175.0   40.0  255.0  5.543E+09  5.199E+09  5.201E+08 4.174E-13  615.6   643  2.315E+07  3.353E+06  1.171E+06  1.095E+07   71.8   71.5    2.1    2.0    0.0    0.0    3.0    2.5    2.9
2020  1  2   2  0.00  180.0   40.0  255.0  4.758E+09  4.004E+09  3.840E+08 3.336E-13  621.0   643  2.253E+07  2.280E+06  1.096E+06  1.132E+07   71.8   71.5    2.1    2.0    0.0    0.0    3.0    2.5    2.9
2020  1  2   2  0.00  185.0   40.0  255.0  4.096E+09  3.095E+09  2.851E+08 2.685E-13  625.3   643  2.193E+07  1.562E+06  1.033E+06  1.140E+07   71.8   71.5    2.1    2.0    0.0    0.0    3.0    2.5    2.9
2020  1  2   2  0.00  190.0   40.0  255.0  3.535E+09  2.401E+09  2.126E+08 2.174E-13  628.8   643  2.133E+07  1.078E+06  9.818E+05  1.121E+07   71.8   71.5    2.1    2.0    0.0    0.0    3.0    2.5    2.9
2020  1  2   2  0.00  195.0   40.0  255.0  3.057E+09  1.868E+09  1.591E+08 1.770E-13  631.5   643  2.074E+07  7.477E+05  9.385E+05  1.081E+07   71.8   71.5    2.1    2.0    0.0    0.0    3.0    2.5    2.9
2020  1  2   2  0.00  200.0   40.0  255.0  2.648E+09  1.456E+09  1.195E+08 1.449E-13  633.7   643  2.016E+07  5.211E+05  9.022E+05  1.026E+07   71.8   71.5    2.1    2.0    0.0    0.0    3.0    2.5    2.9
2020  1  2   2  0.00  205.0   40.0  255.0  2.297E+09  1.137E+09  8.993E+07 1.191E-13  635.5   643  1.958E+07  3.645E+05  8.713E+05  9.608E+06   71.8   71.5    2.1    2.0    0.0    0.0    3.0    2.5    2.9
2020  1  2   2  0.00  210.0   40.0  255.0  1.995E+09  8.897E+08  6.784E+07 9.833E-14  636.9   643  1.900E+07  2.558E+05  8.450E+05  8.902E+06   71.8   71.5    2.1    2.0    0.0    0.0    3.0    2.5    2.9
2020  1  2   2  0.00  215.0   40.0  255.0  1.733E+09  6.969E+08  5.126E+07 8.152E-14  638.0   643  1.844E+07  1.800E+05  8.224E+05  8.176E+06   71.8   71.5    2.1    2.0    0.0    0.0    3.0    2.5    2.9
2020  1  2   2  0.00  220.0   40.0  255.0  1.508E+09  5.464E+08  3.879E+07 6.784E-14  638.9   643  1.788E+07  1.269E+05  8.028E+05  7.458E+06   71.8   71.5    2.1    2.0    0.0    0.0    3.0    2.5    2.9
2020  1  2   2  0.00  225.0   40.0  255.0  1.312E+09  4.289E+08  2.939E+07 5.666E-14  639.6   643  1.733E+07  8.966E+04  7.857E+05  6.764E+06   71.8   71.5    2.1    2.0    0.0    0.0    3.0    2.5    2.9
2020  1  2   2  0.00  230.0   40.0  255.0  1.143E+09  3.369E+08  2.230E+07 4.748E-14  640.2   643  1.679E+07  6.345E+04  7.706E+05  6.108E+06   71.8   71.5    2.1    2.0    0.0    0.0    3.0    2.5    2.9
2020  1  2   2  0.00  235.0   40.0  255.0  9.958E+08  2.648E+08  1.693E+07 3.991E-14  640.7   643  1.626E+07  4.496E+04  7.572E+05  5.497E+06   71.8   71.5    2.1    2.0    0.0    0.0    3.0    2.5    2.9
2020  1  2   2  0.00  240.0   40.0  255.0  8.680E+08  2.083E+08  1.287E+07 3.366E-14  641.0   643  1.574E+07  3.190E+04  7.451E+05  4.933E+06   71.8   71.5    2.1    2.0    0.0    0.0    3.0    2.5    2.9
2020  1  2   2  0.00  245.0   40.0  255.0  7.569E+08  1.640E+08  9.785E+06 2.846E-14  641.3   643  1.524E+07  2.265E+04  7.342E+05  4.418E+06   71.8   71.5    2.1    2.0    0.0    0.0    3.0    2.5    2.9
2020  1  2   2  0.00  250.0   40.0  255.0  6.603E+08  1.291E+08  7.447E+06 2.414E-14  641.6   643  1.475E+07  1.610E+04  7.242E+05  3.950E+06   71.8   71.5    2.1    2.0    0.0    0.0    3.0    2.5    2.9
2020  1  2   2  0.00  255.0   40.0  255.0  5.762E+08  1.018E+08  5.671E+06 2.052E-14  641.8   643  1.427E+07  1.146E+04  7.150E+05  3.527E+06   71.8   71.5    2.1    2.0    0.0    0.0    3.0    2.5    2.9
2020  1  2   2  0.00  260.0   40.0  255.0  5.030E+08  8.022E+07  4.321E+06 1.749E-14  641.9   643  1.381E+07  8.159E+03  7.064E+05  3.146E+06   71.8   71.5    2.1    2.0    0.0    0.0    3.0    2.5    2.9
2020  1  2   2  0.00  265.0   40.0  255.0  4.392E+08  6.327E+07  3.295E+06 1.494E-14  642.1   643  1.336E+07  5.814E+03  6.983E+05  2.804E+06   71.8   71.5    2.1    2.0    0.0    0.0    3.0    2.5    2.9
2020  1  2   2  0.00  270.0   40.0  255.0  3.836E+08  4.992E+07  2.513E+06 1.279E-14  642.2   643  1.293E+07  4.146E+03  6.907E+05  2.498E+06   71.8   71.5    2.1    2.0    0.0    0.0    3.0    2.5    2.9
2020  1  2   2  0.00  275.0   40.0  255.0  3.351E+08  3.940E+07  1.918E+06 1.097E-14  642.2   643  1.250E+07  2.959E+03  6.835E+05  2.225E+06   71.8   71.5    2.1    2.0    0.0    0.0    3.0    2.5    2.9
2020  1  2   2  0.00  280.0   40.0  255.0  2.928E+08  3.112E+07  1.465E+06 9.432E-15  642.3   643  1.210E+07  2.112E+03  6.766E+05  1.980E+06   71.8   71.5    2.1    2.0    0.0    0.0    3.0    2.5    2.9
2020  1  2   2  0.00  285.0   40.0  255.0  2.559E+08  2.458E+07  1.119E+06 8.122E-15  642.4   643  1.170E+07  1.509E+03  6.700E+05  1.763E+06   71.8   71.5    2.1    2.0    0.0    0.0    3.0    2.5    2.9
2020  1  2   2  0.00  290.0   40.0  255.0  2.237E+08  1.943E+07  8.550E+05 7.006E-15  642.4   643  1.132E+07  1.079E+03  6.636E+05  1.569E+06   71.8   71.5    2.1    2.0    0.0    0.0    3.0    2.5    2.9
2020  1  2   2  0.00  295.0   40.0  255.0  1.956E+08  1.536E+07  6.538E+05 6.053E-15  642.4   643  1.095E+07  7.717E+02  6.574E+05  1.396E+06   71.8   71.5    2.1    2.0    0.0    0.0    3.0    2.5    2.9
2020  1  2   2  0.00  300.0   40.0  255.0  1.711E+08  1.215E+07  5.001E+05 5.237E-15  642.5   643  1.059E+07  5.522E+02  6.514E+05  1.243E+06   71.8   71.5    2.1    2.0    0.0    0.0    3.0    2.5    2.9
2020  1  2   2  0.00  305.0   40.0  255.0  1.497E+08  9.612E+06  3.827E+05 4.539E-15  642.5   643  1.024E+07  3.954E+02  6.455E+05  1.106E+06   71.8   71.5    2.1    2.0    0.0    0.0    3.0    2.5    2.9
2020  1  2   2  0.00  310.0   40.0  255.0  1.310E+08  7.608E+06  2.930E+05 3.938E-15  642.5   643  9.908E+06  2.833E+02  6.398E+05  9.845E+05   71.8   71.5    2.1    2.0    0.0    0.0    3.0    2.5    2.9
2020  1  2   2  0.00  315.0   40.0  255.0  1.146E+08  6.024E+06  2.244E+05 3.422E-15  642.5   643  9.585E+06  2.031E+02  6.342E+05  8.763E+05   71.8   71.5    2.1    2.0    0.0    0.0    3.0    2.5    2.9
2020  1  2   2  0.00  320.0   40.0  255.0  1.003E+08  4.771E+06  1.719E+05 2.977E-15  642.5   643  9.272E+06  1.456E+02  6.287E+05  7.801E+05   71.8   71.5    2.1    2.0    0.0    0.0    3.0    2.5    2.9
2020  1  2   2  0.00  325.0   40.0  255.0  8.783E+07  3.780E+06  1.318E+05 2.593E-15  642.5   643  8.970E+06  1.045E+02  6.233E+05  6.946E+05   71.8   71.5    2.1    2.0    0.0    0.0    3.0    2.5    2.9
2020  1  2   2  0.00  330.0   40.0  255.0  7.691E+07  2.996E+06  1.011E+05 2.261E-15  642.5   643  8.678E+06  7.501E+01  6.180E+05  6.185E+05   71.8   71.5    2.1    2.0    0.0    0.0    3.0    2.5    2.9
2020  1  2   2  0.00  335.0   40.0  255.0  6.736E+07  2.376E+06  7.753E+04 1.974E-15  642.5   643  8.396E+06  5.388E+01  6.127E+05  5.508E+05   71.8   71.5    2.1    2.0    0.0    0.0    3.0    2.5    2.9
2020  1  2   2  0.00  340.0   40.0  255.0  5.901E+07  1.884E+06  5.950E+04 1.725E-15  642.6   643  8.123E+06  3.872E+01  6.076E+05  4.906E+05   71.8   71.5    2.1    2.0    0.0    0.0    3.0    2.5    2.9
2020  1  2   2  0.00  345.0   40.0  255.0  5.171E+07  1.495E+06  4.568E+04 1.509E-15  642.6   643  7.859E+06  2.784E+01  6.025E+05  4.371E+05   71.8   71.5    2.1    2.0    0.0    0.0    3.0    2.5    2.9
2020  1  2   2  0.00  350.0   40.0  255.0  4.532E+07  1.187E+06  3.509E+04 1.322E-15  642.6   643  7.605E+06  2.002E+01  5.975E+05  3.894E+05   71.8   71.5    2.1    2.0    0.0    0.0    3.0    2.5    2.9
2020  1  2   2  0.00  355.0   40.0  255.0  3.972E+07  9.424E+05  2.696E+04 1.159E-15  642.6   643  7.359E+06  1.441E+01  5.925E+05  3.470E+05   71.8   71.5    2.1    2.0    0.0    0.0    3.0    2.5    2.9
2020  1  2   2  0.00  360.0   40.0  255.0  3.483E+07  7.485E+05  2.072E+04 1.017E-15  642.6   643  7.121E+06  1.038E+01  5.876E+05  3.093E+05   71.8   71.5    2.1    2.0    0.0    0.0    3.0    2.5    2.9
2020  1  2   2  0.00  365.0   40.0  255.0  3.054E+07  5.947E+05  1.594E+04 8.931E-16  642.6   643  6.891E+06  7.475E+00  5.828E+05  2.757E+05   71.8   71.5    2.1    2.0    0.0    0.0    3.0    2.5    2.9
2020  1  2   2  0.00  370.0   40.0  255.0  2.679E+07  4.727E+05  1.226E+04 7.853E-16  642.6   643  6.669E+06  5.388E+00  5.780E+05  2.458E+05   71.8   71.5    2.1    2.0    0.0    0.0    3.0    2.5    2.9
2020  1  2   2  0.00  375.0   40.0  255.0  2.350E+07  3.759E+05  9.435E+03 6.912E-16  642.6   643  6.454E+06  3.885E+00  5.732E+05  2.192E+05   71.8   71.5    2.1    2.0    0.0    0.0    3.0    2.5    2.9
2020  1  2   2  0.00  380.0   40.0  255.0  2.062E+07  2.989E+05  7.264E+03 6.091E-16  642.6   643  6.247E+06  2.803E+00  5.685E+05  1.955E+05   71.8   71.5    2.1    2.0    0.0    0.0    3.0    2.5    2.9
2020  1  2   2  0.00  385.0   40.0  255.0  1.810E+07  2.379E+05  5.595E+03 5.373E-16  642.6   643  6.046E+06  2.023E+00  5.639E+05  1.744E+05   71.8   71.5    2.1    2.0    0.0    0.0    3.0    2.5    2.9
2020  1  2   2  0.00  390.0   40.0  255.0  1.588E+07  1.893E+05  4.311E+03 4.745E-16  642.6   643  5.852E+06  1.461E+00  5.593E+05  1.556E+05   71.8   71.5    2.1    2.0    0.0    0.0    3.0    2.5    2.9
2020  1  2   2  0.00  395.0   40.0  255.0  1.394E+07  1.507E+05  3.322E+03 4.195E-16  642.6   643  5.665E+06  1.056E+00  5.547E+05  1.388E+05   71.8   71.5    2.1    2.0    0.0    0.0    3.0    2.5    2.9
2020  1  2   2  0.00  400.0   40.0  255.0  1.225E+07  1.200E+05  2.562E+03 3.713E-16  642.6   643  5.484E+06  7.631E-01  5.502E+05  1.239E+05   71.8   71.5    2.1    2.0    0.0    0.0    3.0    2.5    2.9
2020  1  2   2  0.00  405.0   40.0  255.0  1.075E+07  9.564E+04  1.976E+03 3.290E-16  642.6   643  5.309E+06  5.519E-01  5.458E+05  1.106E+05   71.8   71.5    2.1    2.0    0.0    0.0    3.0    2.5    2.9
2020  1  2   2  0.00  410.0   40.0  255.0  9.447E+06  7.623E+04  1.525E+03 2.920E-16  642.6   643  5.139E+06  3.993E-01  5.414E+05  9.872E+04   71.8   71.5    2.1    2.0    0.0    0.0    3.0    2.5    2.9
2020  1  2   2  0.00  415.0   40.0  255.0  8.301E+06  6.077E+04  1.177E+03 2.594E-16  642.6   643  4.976E+06  2.891E-01  5.370E+05  8.814E+04   71.8   71.5    2.1    2.0    0.0    0.0    3.0    2.5    2.9
2020  1  2   2  0.00  420.0   40.0  255.0  7.295E+06  4.847E+04  9.091E+02 2.308E-16  642.6   643  4.818E+06  2.094E-01  5.327E+05  7.872E+04   71.8   71.5    2.1    2.0    0.0    0.0    3.0    2.5    2.9
2020  1  2   2  0.00  425.0   40.0  255.0  6.412E+06  3.867E+04  7.024E+02 2.057E-16  642.6   643  4.665E+06  1.517E-01  5.284E+05  7.031E+04   71.8   71.5    2.1    2.0    0.0    0.0    3.0    2.5    2.9
2020  1  2   2  0.00  430.0   40.0  255.0  5.637E+06  3.086E+04  5.428E+02 1.836E-16  642.6   643  4.517E+06  1.100E-01  5.242E+05  6.281E+04   71.8   71.5    2.1    2.0    0.0    0.0    3.0    2.5    2.9
2020  1  2   2  0.00  435.0   40.0  255.0  4.956E+06  2.464E+04  4.197E+02 1.641E-16  642.6   643  4.374E+06  7.976E-02  5.200E+05  5.612E+04   71.8   71.5    2.1    2.0    0.0    0.0    3.0    2.5    2.9
2020  1  2   2  0.00  440.0   40.0  255.0  4.359E+06  1.967E+04  3.246E+02 1.469E-16  642.6   643  4.236E+06  5.787E-02  5.158E+05  5.015E+04   71.8   71.5    2.1    2.0    0.0    0.0    3.0    2.5    2.9
2020  1  2   2  0.00  445.0   40.0  255.0  3.834E+06  1.572E+04  2.512E+02 1.318E-16  642.6   643  4.102E+06  4.201E-02  5.117E+05  4.483E+04   71.8   71.5    2.1    2.0    0.0    0.0    3.0    2.5    2.9
2020  1  2   2  0.00  450.0   40.0  255.0  3.373E+06  1.256E+04  1.944E+02 1.184E-16  642.6   643  3.973E+06  3.052E-02  5.076E+05  4.007E+04   71.8   71.5    2.1    2.0    0.0    0.0    3.0    2.5    2.9
2020  1  2   2  0.00  455.0   40.0  255.0  2.968E+06  1.004E+04  1.505E+02 1.066E-16  642.6   643  3.848E+06  2.217E-02  5.036E+05  3.583E+04   71.8   71.5    2.1    2.0    0.0    0.0    3.0    2.5    2.9
2020  1  2   2  0.00  460.0   40.0  255.0  2.612E+06  8.028E+03  1.166E+02 9.616E-17  642.6   643  3.727E+06  1.612E-02  4.996E+05  3.204E+04   71.8   71.5    2.1    2.0    0.0    0.0    3.0    2.5    2.9
2020  1  2   2  0.00  465.0   40.0  255.0  2.300E+06  6.422E+03  9.035E+01 8.691E-17  642.6   643  3.610E+06  1.172E-02  4.956E+05  2.865E+04   71.8   71.5    2.1    2.0    0.0    0.0    3.0    2.5    2.9
2020  1  2   2  0.00  470.0   40.0  255.0  2.025E+06  5.139E+03  7.004E+01 7.872E-17  642.6   643  3.497E+06  8.532E-03  4.917E+05  2.563E+04   71.8   71.5    2.1    2.0    0.0    0.0    3.0    2.5    2.9
2020  1  2   2  0.00  475.0   40.0  255.0  1.783E+06  4.113E+03  5.432E+01 7.146E-17  642.6   643  3.387E+06  6.211E-03  4.878E+05  2.293E+04   71.8   71.5    2.1    2.0    0.0    0.0    3.0    2.5    2.9
2020  1  2   2  0.00  480.0   40.0  255.0  1.570E+06  3.293E+03  4.214E+01 6.501E-17  642.6   643  3.282E+06  4.524E-03  4.839E+05  2.052E+04   71.8   71.5    2.1    2.0    0.0    0.0    3.0    2.5    2.9
2020  1  2   2  0.00  485.0   40.0  255.0  1.383E+06  2.638E+03  3.270E+01 5.927E-17  642.6   643  3.179E+06  3.297E-03  4.801E+05  1.836E+04   71.8   71.5    2.1    2.0    0.0    0.0    3.0    2.5    2.9
2020  1  2   2  0.00  490.0   40.0  255.0  1.219E+06  2.113E+03  2.539E+01 5.417E-17  642.6   643  3.080E+06  2.403E-03  4.763E+05  1.644E+04   71.8   71.5    2.1    2.0    0.0    0.0    3.0    2.5    2.9
2020  1  2   2  0.00  495.0   40.0  255.0  1.074E+06  1.694E+03  1.972E+01 4.962E-17  642.6   643  2.984E+06  1.753E-03  4.726E+05  1.472E+04   71.8   71.5    2.1    2.0    0.0    0.0    3.0    2.5    2.9
2020  1  2   2  0.00  500.0   40.0  255.0  9.468E+05  1.358E+03  1.532E+01 4.557E-17  642.6   643  2.892E+06  1.279E-03  4.688E+05  1.318E+04   71.8   71.5    2.1    2.0    0.0    0.0    3.0    2.5    2.9
2020  1  2   2  0.00  505.0   40.0  255.0  8.347E+05  1.089E+03  1.191E+01 4.194E-17  642.6   643  2.802E+06  9.337E-04  4.652E+05  1.180E+04   71.8   71.5    2.1    2.0    0.0    0.0    3.0    2.5    2.9
2020  1  2   2  0.00  510.0   40.0  255.0  7.360E+05  8.737E+02  9.256E+00 3.870E-17  642.6   643  2.715E+06  6.820E-04  4.615E+05  1.057E+04   71.8   71.5    2.1    2.0    0.0    0.0    3.0    2.5    2.9
2020  1  2   2  0.00  515.0   40.0  255.0  6.491E+05  7.012E+02  7.199E+00 3.579E-17  642.6   643  2.631E+06  4.983E-04  4.579E+05  9.468E+03   71.8   71.5    2.1    2.0    0.0    0.0    3.0    2.5    2.9
2020  1  2   2  0.00  520.0   40.0  255.0  5.726E+05  5.629E+02  5.601E+00 3.319E-17  642.6   643  2.550E+06  3.643E-04  4.543E+05  8.483E+03   71.8   71.5    2.1    2.0    0.0    0.0    3.0    2.5    2.9
2020  1  2   2  0.00  525.0   40.0  255.0  5.051E+05  4.520E+02  4.360E+00 3.084E-17  642.6   643  2.471E+06  2.664E-04  4.508E+05  7.602E+03   71.8   71.5    2.1    2.0    0.0    0.0    3.0    2.5    2.9
2020  1  2   2  0.00  530.0   40.0  255.0  4.457E+05  3.631E+02  3.395E+00 2.873E-17  642.6   643  2.395E+06  1.949E-04  4.473E+05  6.813E+03   71.8   71.5    2.1    2.0    0.0    0.0    3.0    2.5    2.9
2020  1  2   2  0.00  535.0   40.0  255.0  3.934E+05  2.918E+02  2.644E+00 2.683E-17  642.6   643  2.322E+06  1.427E-04  4.438E+05  6.107E+03   71.8   71.5    2.1    2.0    0.0    0.0    3.0    2.5    2.9
2020  1  2   2  0.00  540.0   40.0  255.0  3.473E+05  2.345E+02  2.060E+00 2.510E-17  642.6   643  2.250E+06  1.045E-04  4.404E+05  5.475E+03   71.8   71.5    2.1    2.0    0.0    0.0    3.0    2.5    2.9
2020  1  2   2  0.00  545.0   40.0  255.0  3.066E+05  1.886E+02  1.606E+00 2.354E-17  642.6   643  2.181E+06  7.658E-05  4.369E+05  4.910E+03   71.8   71.5    2.1    2.0    0.0    0.0    3.0    2.5    2.9
2020  1  2   2  0.00  550.0   40.0  255.0  2.707E+05  1.517E+02  1.252E+00 2.213E-17  642.6   643  2.115E+06  5.613E-05  4.336E+05  4.403E+03   71.8   71.5    2.1    2.0    0.0    0.0    3.0    2.5    2.9
2020  1  2   2  0.00  555.0   40.0  255.0  2.391E+05  1.220E+02  9.768E-01 2.084E-17  642.6   643  2.050E+06  4.117E-05  4.302E+05  3.950E+03   71.8   71.5    2.1    2.0    0.0    0.0    3.0    2.5    2.9
2020  1  2   2  0.00  560.0   40.0  255.0  2.112E+05  9.820E+01  7.622E-01 1.967E-17  642.6   643  1.987E+06  3.020E-05  4.269E+05  3.543E+03   71.8   71.5    2.1    2.0    0.0    0.0    3.0    2.5    2.9
2020  1  2   2  0.00  565.0   40.0  255.0  1.866E+05  7.905E+01  5.950E-01 1.860E-17  642.6   643  1.927E+06  2.217E-05  4.236E+05  3.179E+03   71.8   71.5    2.1    2.0    0.0    0.0    3.0    2.5    2.9
2020  1  2   2  0.00  570.0   40.0  255.0  1.649E+05  6.366E+01  4.646E-01 1.762E-17  642.6   643  1.868E+06  1.628E-05  4.203E+05  2.853E+03   71.8   71.5    2.1    2.0    0.0    0.0    3.0    2.5    2.9
2020  1  2   2  0.00  575.0   40.0  255.0  1.457E+05  5.128E+01  3.629E-01 1.672E-17  642.6   643  1.811E+06  1.196E-05  4.171E+05  2.561E+03   71.8   71.5    2.1    2.0    0.0    0.0    3.0    2.5    2.9
2020  1  2   2  0.00  580.0   40.0  255.0  1.288E+05  4.133E+01  2.836E-01 1.589E-17  642.6   643  1.756E+06  8.791E-06  4.139E+05  2.299E+03   71.8   71.5    2.1    2.0    0.0    0.0    3.0    2.5    2.9
2020  1  2   2  0.00  585.0   40.0  255.0  1.139E+05  3.331E+01  2.217E-01 1.513E-17  642.6   643  1.703E+06  6.464E-06  4.107E+05  2.064E+03   71.8   71.5    2.1    2.0    0.0    0.0    3.0    2.5    2.9
2020  1  2   2  0.00  590.0   40.0  255.0  1.007E+05  2.686E+01  1.734E-01 1.443E-17  642.6   643  1.651E+06  4.756E-06  4.076E+05  1.853E+03   71.8   71.5    2.1    2.0    0.0    0.0    3.0    2.5    2.9
2020  1  2   2  0.00  595.0   40.0  255.0  8.910E+04  2.166E+01  1.356E-01 1.377E-17  642.6   643  1.602E+06  3.500E-06  4.045E+05  1.664E+03   71.8   71.5    2.1    2.0    0.0    0.0    3.0    2.5    2.9
2020  1  2   2  0.00  600.0   40.0  255.0  7.882E+04  1.748E+01  1.061E-01 1.317E-17  642.6   643  1.553E+06  2.577E-06  4.014E+05  1.495E+03   71.8   71.5    2.1    2.0    0.0    0.0    3.0    2.5    2.9
2020  1  2   2  0.00  605.0   40.0  255.0  6.973E+04  1.411E+01  8.309E-02 1.261E-17  642.6   643  1.506E+06  1.898E-06  3.983E+05  1.343E+03   71.8   71.5    2.1    2.0    0.0    0.0    3.0    2.5    2.9
2020  1  2   2  0.00  610.0   40.0  255.0  6.171E+04  1.139E+01  6.506E-02 1.209E-17  642.6   643  1.461E+06  1.399E-06  3.953E+05  1.207E+03   71.8   71.5    2.1    2.0    0.0    0.0    3.0    2.5    2.9
2020  1  2   2  0.00  615.0   40.0  255.0  5.462E+04  9.197E+00  5.097E-02 1.160E-17  642.6   643  1.417E+06  1.031E-06  3.923E+05  1.084E+03   71.8   71.5    2.1    2.0    0.0    0.0    3.0    2.5    2.9
2020  1  2   2  0.00  620.0   40.0  255.0  4.835E+04  7.429E+00  3.994E-02 1.114E-17  642.6   643  1.375E+06  7.608E-07  3.893E+05  9.746E+02   71.8   71.5    2.1    2.0    0.0    0.0    3.0    2.5    2.9
2020  1  2   2  0.00  625.0   40.0  255.0  4.281E+04  6.003E+00  3.131E-02 1.071E-17  642.6   643  1.333E+06  5.614E-07  3.863E+05  8.761E+02   71.8   71.5    2.1    2.0    0.0    0.0    3.0    2.5    2.9
2020  1  2   2  0.00  630.0   40.0  255.0  3.791E+04  4.853E+00  2.455E-02 1.031E-17  642.6   643  1.293E+06  4.144E-07  3.834E+05  7.876E+02   71.8   71.5    2.1    2.0    0.0    0.0    3.0    2.5    2.9
2020  1  2   2  0.00  635.0   40.0  255.0  3.358E+04  3.924E+00  1.926E-02 9.929E-18  642.6   643  1.255E+06  3.061E-07  3.805E+05  7.082E+02   71.8   71.5    2.1    2.0    0.0    0.0    3.0    2.5    2.9
2020  1  2   2  0.00  640.0   40.0  255.0  2.974E+04  3.173E+00  1.512E-02 9.571E-18  642.6   643  1.217E+06  2.262E-07  3.777E+05  6.369E+02   71.8   71.5    2.1    2.0    0.0    0.0    3.0    2.5    2.9
2020  1  2   2  0.00  645.0   40.0  255.0  2.635E+04  2.567E+00  1.187E-02 9.233E-18  642.6   643  1.181E+06  1.672E-07  3.748E+05  5.729E+02   71.8   71.5    2.1    2.0    0.0    0.0    3.0    2.5    2.9
2020  1  2   2  0.00  650.0   40.0  255.0  2.335E+04  2.078E+00  9.319E-03 8.913E-18  642.6   643  1.146E+06  1.236E-07  3.720E+05  5.154E+02   71.8   71.5    2.1    2.0    0.0    0.0    3.0    2.5    2.9
2020  1  2   2  0.00  655.0   40.0  255.0  2.070E+04  1.682E+00  7.320E-03 8.610E-18  642.6   643  1.112E+06  9.147E-08  3.692E+05  4.637E+02   71.8   71.5    2.1    2.0    0.0    0.0    3.0    2.5    2.9
2020  1  2   2  0.00  660.0   40.0  255.0  1.835E+04  1.362E+00  5.753E-03 8.322E-18  642.6   643  1.079E+06  6.770E-08  3.664E+05  4.173E+02   71.8   71.5    2.1    2.0    0.0    0.0    3.0    2.5    2.9
2020  1  2   2  0.00  665.0   40.0  255.0  1.627E+04  1.103E+00  4.522E-03 8.048E-18  642.6   643  1.047E+06  5.013E-08  3.637E+05  3.756E+02   71.8   71.5    2.1    2.0    0.0    0.0    3.0    2.5    2.9
2020  1  2   2  0.00  670.0   40.0  255.0  1.443E+04  8.939E-01  3.556E-03 7.787E-18  642.6   643  1.016E+06  3.714E-08  3.610E+05  3.381E+02   71.8   71.5    2.1    2.0    0.0    0.0    3.0    2.5    2.9
2020  1  2   2  0.00  675.0   40.0  255.0  1.280E+04  7.245E-01  2.797E-03 7.538E-18  642.6   643  9.859E+05  2.752E-08  3.583E+05  3.044E+02   71.8   71.5    2.1    2.0    0.0    0.0    3.0    2.5    2.9
2020  1  2   2  0.00  680.0   40.0  255.0  1.135E+04  5.874E-01  2.201E-03 7.301E-18  642.6   643  9.568E+05  2.041E-08  3.556E+05  2.740E+02   71.8   71.5    2.1    2.0    0.0    0.0    3.0    2.5    2.9
2020  1  2   2  0.00  685.0   40.0  255.0  1.007E+04  4.764E-01  1.733E-03 7.074E-18  642.6   643  9.286E+05  1.514E-08  3.529E+05  2.468E+02   71.8   71.5    2.1    2.0    0.0    0.0    3.0    2.5    2.9
2020  1  2   2  0.00  690.0   40.0  255.0  8.936E+03  3.865E-01  1.364E-03 6.856E-18  642.6   643  9.013E+05  1.123E-08  3.503E+05  2.223E+02   71.8   71.5    2.1    2.0    0.0    0.0    3.0    2.5    2.9
2020  1  2   2  0.00  695.0   40.0  255.0  7.931E+03  3.136E-01  1.075E-03 6.648E-18  642.6   643  8.748E+05  8.339E-09  3.477E+05  2.002E+02   71.8   71.5    2.1    2.0    0.0    0.0    3.0    2.5    2.9
2020  1  2   2  0.00  700.0   40.0  255.0  7.040E+03  2.546E-01  8.469E-04 6.449E-18  642.6   643  8.491E+05  6.193E-09  3.451E+05  1.804E+02   71.8   71.5    2.1    2.0    0.0    0.0    3.0    2.5    2.9
2020  1  2   2  0.00  705.0   40.0  255.0  6.251E+03  2.067E-01  6.676E-04 6.257E-18  642.6   643  8.242E+05  4.601E-09  3.426E+05  1.626E+02   71.8   71.5    2.1    2.0    0.0    0.0    3.0    2.5    2.9
2020  1  2   2  0.00  710.0   40.0  255.0  5.551E+03  1.679E-01  5.264E-04 6.073E-18  642.6   643  8.001E+05  3.420E-09  3.400E+05  1.465E+02   71.8   71.5    2.1    2.0    0.0    0.0    3.0    2.5    2.9
2020  1  2   2  0.00  715.0   40.0  255.0  4.930E+03  1.364E-01  4.152E-04 5.896E-18  642.6   643  7.767E+05  2.543E-09  3.375E+05  1.320E+02   71.8   71.5    2.1    2.0    0.0    0.0    3.0    2.5    2.9
2020  1  2   2  0.00  720.0   40.0  255.0  4.379E+03  1.108E-01  3.276E-04 5.726E-18  642.6   643  7.541E+05  1.892E-09  3.350E+05  1.190E+02   71.8   71.5    2.1    2.0    0.0    0.0    3.0    2.5    2.9
2020  1  2   2  0.00  725.0   40.0  255.0  3.890E+03  9.010E-02  2.586E-04 5.562E-18  642.6   643  7.321E+05  1.408E-09  3.326E+05  1.073E+02   71.8   71.5    2.1    2.0    0.0    0.0    3.0    2.5    2.9
2020  1  2   2  0.00  730.0   40.0  255.0  3.457E+03  7.327E-02  2.042E-04 5.404E-18  642.6   643  7.108E+05  1.049E-09  3.301E+05  9.678E+01   71.8   71.5    2.1    2.0    0.0    0.0    3.0    2.5    2.9
2020  1  2   2  0.00  735.0   40.0  255.0  3.072E+03  5.959E-02  1.613E-04 5.251E-18  642.6   643  6.901E+05  7.810E-10  3.277E+05  8.729E+01   71.8   71.5    2.1    2.0    0.0    0.0    3.0    2.5    2.9
2020  1  2   2  0.00  740.0   40.0  255.0  2.731E+03  4.849E-02  1.274E-04 5.104E-18  642.6   643  6.701E+05  5.820E-10  3.253E+05  7.873E+01   71.8   71.5    2.1    2.0    0.0    0.0    3.0    2.5    2.9
2020  1  2   2  0.00  745.0   40.0  255.0  2.428E+03  3.946E-02  1.007E-04 4.962E-18  642.6   643  6.507E+05  4.339E-10  3.229E+05  7.103E+01   71.8   71.5    2.1    2.0    0.0    0.0    3.0    2.5    2.9