2025  1 25  25 12.00    0.0   40.0  255.0  9.999E-38  2.009E+19  5.388E+18 1.237E-03  282.2  1156  1.338E+14  2.401E+17  9.999E-38  9.999E-38  204.5  188.9    2.1    0.0    4.0    3.0    2.0    3.9   10.1\
2025  1 25  25 12.00    5.0   40.0  255.0  9.999E-38  1.170E+19  3.137E+18 7.202E-04  257.8  1156  7.792E+13  1.398E+17  9.999E-38  9.999E-38  204.5  188.9    2.1    0.0    4.0    3.0    2.0    3.9   10.1\
2025  1 25  25 12.00   10.0   40.0  255.0  9.999E-38  6.580E+18  1.765E+18 4.051E-04  226.0  1156  4.382E+13  7.864E+16  9.999E-38  9.999E-38  204.5  188.9    2.1    0.0    4.0    3.0    2.0    3.9   10.1\
2025  1 25  25 12.00   15.0   40.0  255.0  9.999E-38  3.189E+18  8.550E+17 1.963E-04  214.2  1156  2.123E+13  3.811E+16  9.999E-38  9.999E-38  204.5  188.9    2.1    0.0    4.0    3.0    2.0    3.9   10.1\
2025  1 25  25 12.00   20.0   40.0  255.0  9.999E-38  1.449E+18  3.887E+17 8.922E-05  211.9  1156  9.652E+12  1.732E+16  9.999E-38  9.999E-38  204.5  188.9    2.1    0.0    4.0    3.0    2.0    3.9   10.1\
2025  1 25  25 12.00   25.0   40.0  255.0  9.999E-38  6.403E+17  1.717E+17 3.941E-05  217.6  1156  4.264E+12  7.652E+15  9.999E-38  9.999E-38  204.5  188.9    2.1    0.0    4.0    3.0    2.0    3.9   10.1\
2025  1 25  25 12.00   30.0   40.0  255.0  9.999E-38  2.907E+17  7.796E+16 1.790E-05  221.8  1156  1.936E+12  3.475E+15  9.999E-38  9.999E-38  204.5  188.9    2.1    0.0    4.0    3.0    2.0    3.9   10.1\
2025  1 25  25 12.00   35.0   40.0  255.0  9.999E-38  1.324E+17  3.551E+16 8.153E-06  230.2  1156  8.820E+11  1.583E+15  9.999E-38  9.999E-38  204.5  188.9    2.1    0.0    4.0    3.0    2.0    3.9   10.1\
2025  1 25  25 12.00   40.0   40.0  255.0  9.999E-38  6.173E+16  1.655E+16 3.800E-06  241.1  1156  4.111E+11  7.378E+14  9.999E-38  9.999E-38  204.5  188.9    2.1    0.0    4.0    3.0    2.0    3.9   10.1\
2025  1 25  25 12.00   45.0   40.0  255.0  9.999E-38  2.973E+16  7.973E+15 1.830E-06  253.5  1156  1.980E+11  3.553E+14  9.999E-38  9.999E-38  204.5  188.9    2.1    0.0    4.0    3.0    2.0    3.9   10.1\
2025  1 25  25 12.00   50.0   40.0  255.0  9.999E-38  1.532E+16  4.109E+15 9.432E-07  254.4  1156  1.020E+11  1.831E+14  9.999E-38  9.999E-38  204.5  188.9    2.1    0.0    4.0    3.0    2.0    3.9   10.1\
2025  1 25  25 12.00   55.0   40.0  255.0  6.339E+09  8.093E+15  2.170E+15 4.982E-07  246.5  1156  5.390E+10  9.672E+13  9.999E-38  9.999E-38  204.5  188.9    2.1    0.0    4.0    3.0    2.0    3.9   10.1\
2025  1 25  25 12.00   60.0   40.0  255.0  7.671E+09  4.201E+15  1.127E+15 2.586E-07  237.6  1156  2.798E+10  5.021E+13  9.999E-38  9.999E-38  204.5  188.9    2.1    0.0    4.0    3.0    2.0    3.9   10.1\
2025  1 25  25 12.00   65.0   40.0  255.0  8.441E+09  2.147E+15  5.758E+14 1.322E-07  225.7  1156  1.430E+10  2.566E+13  9.999E-38  9.999E-38  204.5  188.9    2.1    0.0    4.0    3.0    2.0    3.9   10.1\
2025  1 25  25 12.00   70.0   40.0  255.0  9.016E+09  1.049E+15  2.813E+14 6.456E-08  216.8  1156  6.985E+09  1.253E+13  9.999E-38  9.999E-38  204.5  188.9    2.1    0.0    4.0    3.0    2.0    3.9   10.1\
2025  1 25  25 12.00   75.0   40.0  255.0  9.571E+09  4.934E+14  1.323E+14 3.037E-08  211.1  1156  3.286E+09  5.896E+12  9.999E-38  9.999E-38  204.5  188.9    2.1    0.0    4.0    3.0    2.0    3.9   10.1\
2025  1 25  25 12.00   80.0   40.0  255.0  2.593E+10  2.273E+14  6.095E+13 1.399E-08  205.9  1156  1.534E+09  2.716E+12  1.486E+08  9.999E-38  204.5  188.9    2.1    0.0    4.0    3.0    2.0    3.9   10.1\
2025  1 25  25 12.00   85.0   40.0  255.0  9.877E+10  1.010E+14  2.709E+13 6.222E-09  206.4  1156  7.195E+08  1.207E+12  1.011E+08  9.999E-38  204.5  188.9    2.1    0.0    4.0    3.0    2.0    3.9   10.1\
2025  1 25  25 12.00   90.0   40.0  255.0  3.573E+11  4.661E+13  1.244E+13 2.875E-09  197.5  1156  3.763E+08  5.514E+11  5.836E+07  9.999E-38  204.5  188.9    2.1    0.0    4.0    3.0    2.0    3.9   10.1\
2025  1 25  25 12.00   95.0   40.0  255.0  5.947E+11  2.089E+13  5.471E+12 1.294E-09  184.6  1156  2.235E+08  2.382E+11  3.548E+07  2.276E+05  204.5  188.9    2.1    0.0    4.0    3.0    2.0    3.9   10.1\
2025  1 25  25 12.00  100.0   40.0  255.0  5.692E+11  8.590E+12  2.130E+12 5.337E-10  181.3  1156  1.449E+08  8.835E+10  2.113E+07  4.456E+05  204.5  188.9    2.1    0.0    4.0    3.0    2.0    3.9   10.1\
2025  1 25  25 12.00  105.0   40.0  255.0  4.042E+11  3.351E+12  7.467E+11 2.082E-10  192.7  1156  1.029E+08  2.847E+10  1.221E+07  7.830E+05  204.5  188.9    2.1    0.0    4.0    3.0    2.0    3.9   10.1\
2025  1 25  25 12.00  110.0   40.0  255.0  2.502E+11  1.304E+12  2.530E+11 8.134E-11  226.4  1156  7.714E+07  8.822E+09  6.934E+06  1.288E+06  204.5  188.9    2.1    0.0    4.0    3.0    2.0    3.9   10.1\
2025  1 25  25 12.00  115.0   40.0  255.0  1.498E+11  5.476E+11  9.152E+10 3.451E-11  284.5  1156  5.822E+07  2.953E+09  3.876E+06  2.046E+06  204.5  188.9    2.1    0.0    4.0    3.0    2.0    3.9   10.1\
2025  1 25  25 12.00  120.0   40.0  255.0  9.374E+10  2.612E+11  3.773E+10 1.672E-11  360.8  1156  4.547E+07  1.141E+09  2.262E+06  3.211E+06  204.5  188.9    2.1    0.0    4.0    3.0    2.0    3.9   10.1\
2025  1 25  25 12.00  125.0   40.0  255.0  6.285E+10  1.416E+11  1.786E+10 9.241E-12  446.9  1156  3.681E+07  5.112E+08  1.405E+06  4.966E+06  204.5  188.9    2.1    0.0    4.0    3.0    2.0    3.9   10.1\
2025  1 25  25 12.00  130.0   40.0  255.0  4.539E+10  8.652E+10  9.637E+09 5.761E-12  527.2  1156  3.144E+07  2.640E+08  9.375E+05  7.568E+06  204.5  188.9    2.1    0.0    4.0    3.0    2.0    3.9   10.1\
2025  1 25  25 12.00  135.0   40.0  255.0  3.462E+10  5.748E+10  5.712E+09 3.907E-12  598.3  1156  2.797E+07  1.507E+08  6.633E+05  1.120E+07  204.5  188.9    2.1    0.0    4.0    3.0    2.0    3.9   10.1\
2025  1 25  25 12.00  140.0   40.0  255.0  2.744E+10  4.043E+10  3.617E+09 2.809E-12  661.3  1156  2.557E+07  9.215E+07  4.898E+05  1.598E+07  204.5  188.9    2.1    0.0    4.0    3.0    2.0    3.9   10.1\
2025  1 25  25 12.00  145.0   40.0  255.0  2.239E+10  2.964E+10  2.408E+09 2.106E-12  717.1  1156  2.382E+07  5.933E+07  3.739E+05  2.194E+07  204.5  188.9    2.1    0.0    4.0    3.0    2.0    3.9   10.1\
2025  1 25  25 12.00  150.0   40.0  255.0  1.866E+10  2.241E+10  1.668E+09 1.631E-12  766.5  1156  2.250E+07  3.979E+07  2.935E+05  2.890E+07  204.5  188.9    2.1    0.0    4.0    3.0    2.0    3.9   10.1\
2025  1 25  25 12.00  155.0   40.0  255.0  1.581E+10  1.737E+10  1.192E+09 1.294E-12  810.3  1156  2.147E+07  2.758E+07  2.359E+05  3.653E+07  204.5  188.9    2.1    0.0    4.0    3.0    2.0    3.9   10.1\
2025  1 25  25 12.00  160.0   40.0  255.0  1.357E+10  1.371E+10  8.752E+08 1.047E-12  849.1  1156  2.063E+07  1.962E+07  1.939E+05  4.436E+07  204.5  188.9    2.1    0.0    4.0    3.0    2.0    3.9   10.1\
2025  1 25  25 12.00  165.0   40.0  255.0  1.177E+10  1.099E+10  6.571E+08 8.614E-13  883.5  1156  1.993E+07  1.427E+07  1.626E+05  5.186E+07  204.5  188.9    2.1    0.0    4.0    3.0    2.0    3.9   10.1\
2025  1 25  25 12.00  170.0   40.0  255.0  1.031E+10  8.927E+09  5.029E+08 7.181E-13  914.0  1156  1.932E+07  1.057E+07  1.389E+05  5.852E+07  204.5  188.9    2.1    0.0    4.0    3.0    2.0    3.9   10.1\
2025  1 25  25 12.00  175.0   40.0  255.0  9.100E+09  7.324E+09  3.913E+08 6.054E-13  941.0  1156  1.878E+07  7.953E+06  1.208E+05  6.396E+07  204.5  188.9    2.1    0.0    4.0    3.0    2.0    3.9   10.1\
2025  1 25  25 12.00  180.0   40.0  255.0  8.083E+09  6.062E+09  3.089E+08 5.153E-13  965.0  1156  1.828E+07  6.063E+06  1.068E+05  6.796E+07  204.5  188.9    2.1    0.0    4.0    3.0    2.0    3.9   10.1\
2025  1 25  25 12.00  185.0   40.0  255.0  7.220E+09  5.055E+09  2.467E+08 4.421E-13  986.2  1156  1.782E+07  4.675E+06  9.588E+04  7.045E+07  204.5  188.9    2.1    0.0    4.0    3.0    2.0    3.9   10.1\
2025  1 25  25 12.00  190.0   40.0  255.0  6.480E+09  4.242E+09  1.992E+08 3.821E-13 1005.1  1156  1.739E+07  3.639E+06  8.723E+04  7.153E+07  204.5  188.9    2.1    0.0    4.0    3.0    2.0    3.9   10.1\
2025  1 25  25 12.00  195.0   40.0  255.0  5.839E+09  3.579E+09  1.622E+08 3.322E-13 1021.8  1156  1.698E+07  2.856E+06  8.034E+04  7.139E+07  204.5  188.9    2.1    0.0    4.0    3.0    2.0    3.9   10.1\
2025  1 25  25 12.00  200.0   40.0  255.0  5.280E+09  3.034E+09  1.331E+08 2.904E-13 1036.7  1156  1.658E+07  2.258E+06  7.479E+04  7.023E+07  204.5  188.9    2.1    0.0    4.0    3.0    2.0    3.9   10.1\
2025  1 25  25 12.00  205.0   40.0  255.0  4.790E+09  2.582E+09  1.099E+08 2.550E-13 1049.9  1156  1.620E+07  1.795E+06  7.029E+04  6.830E+07  204.5  188.9    2.1    0.0    4.0    3.0    2.0    3.9   10.1\
2025  1 25  25 12.00  210.0   40.0  255.0  4.356E+09  2.205E+09  9.131E+07 2.249E-13 1061.6  1156  1.583E+07  1.435E+06  6.662E+04  6.582E+07  204.5  188.9    2.1    0.0    4.0    3.0    2.0    3.9   10.1\
2025  1 25  25 12.00  215.0   40.0  255.0  3.972E+09  1.889E+09  7.620E+07 1.991E-13 1072.0  1156  1.547E+07  1.153E+06  6.359E+04  6.296E+07  204.5  188.9    2.1    0.0    4.0    3.0    2.0    3.9   10.1\
2025  1 25  25 12.00  220.0   40.0  255.0  3.628E+09  1.623E+09  6.385E+07 1.768E-13 1081.2  1156  1.512E+07  9.294E+05  6.107E+04  5.988E+07  204.5  188.9    2.1    0.0    4.0    3.0    2.0    3.9   10.1\
2025  1 25  25 12.00  225.0   40.0  255.0  3.320E+09  1.397E+09  5.368E+07 1.575E-13 1089.4  1156  1.478E+07  7.519E+05  5.897E+04  5.670E+07  204.5  188.9    2.1    0.0    4.0    3.0    2.0    3.9   10.1\
2025  1 25  25 12.00  230.0   40.0  255.0  3.043E+09  1.206E+09  4.527E+07 1.407E-13 1096.7  1156  1.446E+07  6.102E+05  5.720E+04  5.351E+07  204.5  188.9    2.1    0.0    4.0    3.0    2.0    3.9   10.1\
2025  1 25  25 12.00  235.0   40.0  255.0  2.794E+09  1.042E+09  3.828E+07 1.260E-13 1103.2  1156  1.414E+07  4.964E+05  5.570E+04  5.036E+07  204.5  188.9    2.1    0.0    4.0    3.0    2.0    3.9   10.1\
2025  1 25  25 12.00  240.0   40.0  255.0  2.567E+09  9.027E+08  3.244E+07 1.131E-13 1108.9  1156  1.384E+07  4.049E+05  5.442E+04  4.731E+07  204.5  188.9    2.1    0.0    4.0    3.0    2.0    3.9   10.1\
2025  1 25  25 12.00  245.0   40.0  255.0  2.362E+09  7.828E+08  2.755E+07 1.018E-13 1114.1  1156  1.354E+07  3.308E+05  5.332E+04  4.437E+07  204.5  188.9    2.1    0.0    4.0    3.0    2.0    3.9   10.1\
2025  1 25  25 12.00  250.0   40.0  255.0  2.175E+09  6.798E+08  2.344E+07 9.174E-14 1118.6  1156  1.325E+07  2.709E+05  5.236E+04  4.158E+07  204.5  188.9    2.1    0.0    4.0    3.0    2.0    3.9   10.1\
2025  1 25  25 12.00  255.0   40.0  255.0  2.005E+09  5.911E+08  1.997E+07 8.284E-14 1122.6  1156  1.297E+07  2.221E+05  5.152E+04  3.893E+07  204.5  188.9    2.1    0.0    4.0    3.0    2.0    3.9   10.1\
2025  1 25  25 12.00  260.0   40.0  255.0  1.850E+09  5.145E+08  1.704E+07 7.493E-14 1126.2  1156  1.270E+07  1.824E+05  5.079E+04  3.644E+07  204.5  188.9    2.1    0.0    4.0    3.0    2.0    3.9   10.1\
2025  1 25  25 12.00  265.0   40.0  255.0  1.708E+09  4.482E+08  1.455E+07 6.788E-14 1129.4  1156  1.244E+07  1.500E+05  5.013E+04  3.409E+07  204.5  188.9    2.1    0.0    4.0    3.0    2.0    3.9   10.1\
2025  1 25  25 12.00  270.0   40.0  255.0  1.578E+09  3.908E+08  1.244E+07 6.158E-14 1132.3  1156  1.219E+07  1.235E+05  4.955E+04  3.189E+07  204.5  188.9    2.1    0.0    4.0    3.0    2.0    3.9   10.1\
2025  1 25  25 12.00  275.0   40.0  255.0  1.458E+09  3.411E+08  1.065E+07 5.595E-14 1134.8  1156  1.194E+07  1.018E+05  4.902E+04  2.983E+07  204.5  188.9    2.1    0.0    4.0    3.0    2.0    3.9   10.1\
2025  1 25  25 12.00  280.0   40.0  255.0  1.348E+09  2.979E+08  9.123E+06 5.090E-14 1137.1  1156  1.170E+07  8.395E+04  4.854E+04  2.790E+07  204.5  188.9    2.1    0.0    4.0    3.0    2.0    3.9   10.1\
2025  1 25  25 12.00  285.0   40.0  255.0  1.248E+09  2.603E+08  7.822E+06 4.636E-14 1139.1  1156  1.147E+07  6.932E+04  4.811E+04  2.610E+07  204.5  188.9    2.1    0.0    4.0    3.0    2.0    3.9   10.1\
2025  1 25  25 12.00  290.0   40.0  255.0  1.155E+09  2.277E+08  6.711E+06 4.227E-14 1140.9  1156  1.124E+07  5.728E+04  4.770E+04  2.441E+07  204.5  188.9    2.1    0.0    4.0    3.0    2.0    3.9   10.1\
2025  1 25  25 12.00  295.0   40.0  255.0  1.069E+09  1.992E+08  5.762E+06 3.859E-14 1142.5  1156  1.102E+07  4.737E+04  4.733E+04  2.284E+07  204.5  188.9    2.1    0.0    4.0    3.0    2.0    3.9   10.1\
2025  1 25  25 12.00  300.0   40.0  255.0  9.906E+08  1.744E+08  4.950E+06 3.526E-14 1143.9  1156  1.080E+07  3.921E+04  4.698E+04  2.137E+07  204.5  188.9    2.1    0.0    4.0    3.0    2.0    3.9   10.1\
2025  1 25  25 12.00  305.0   40.0  255.0  9.179E+08  1.527E+08  4.255E+06 3.226E-14 1145.2  1156  1.059E+07  3.247E+04  4.665E+04  2.001E+07  204.5  188.9    2.1    0.0    4.0    3.0    2.0    3.9   10.1\
2025  1 25  25 12.00  310.0   40.0  255.0  8.509E+08  1.338E+08  3.659E+06 2.953E-14 1146.3  1156  1.039E+07  2.690E+04  4.634E+04  1.873E+07  204.5  188.9    2.1    0.0    4.0    3.0    2.0    3.9   10.1\
2025  1 25  25 12.00  315.0   40.0  255.0  7.889E+08  1.173E+08  3.148E+06 2.706E-14 1147.3  1156  1.019E+07  2.230E+04  4.604E+04  1.753E+07  204.5  188.9    2.1    0.0    4.0    3.0    2.0    3.9   10.1\
2025  1 25  25 12.00  320.0   40.0  255.0  7.317E+08  1.029E+08  2.710E+06 2.482E-14 1148.2  1156  9.996E+06  1.850E+04  4.576E+04  1.642E+07  204.5  188.9    2.1    0.0    4.0    3.0    2.0    3.9   10.1\
2025  1 25  25 12.00  325.0   40.0  255.0  6.788E+08  9.026E+07  2.334E+06 2.278E-14 1149.0  1156  9.806E+06  1.536E+04  4.549E+04  1.537E+07  204.5  188.9    2.1    0.0    4.0    3.0    2.0    3.9   10.1\
2025  1 25  25 12.00  330.0   40.0  255.0  6.299E+08  7.922E+07  2.011E+06 2.093E-14 1149.7  1156  9.621E+06  1.275E+04  4.523E+04  1.440E+07  204.5  188.9    2.1    0.0    4.0    3.0    2.0    3.9   10.1\
2025  1 25  25 12.00  335.0   40.0  255.0  5.846E+08  6.955E+07  1.733E+06 1.924E-14 1150.3  1156  9.440E+06  1.059E+04  4.498E+04  1.349E+07  204.5  188.9    2.1    0.0    4.0    3.0    2.0    3.9   10.1\
2025  1 25  25 12.00  340.0   40.0  255.0  5.427E+08  6.108E+07  1.494E+06 1.769E-14 1150.9  1156  9.264E+06  8.804E+03  4.474E+04  1.264E+07  204.5  188.9    2.1    0.0    4.0    3.0    2.0    3.9   10.1\
2025  1 25  25 12.00  345.0   40.0  255.0  5.039E+08  5.365E+07  1.289E+06 1.629E-14 1151.4  1156  9.091E+06  7.320E+03  4.450E+04  1.185E+07  204.5  188.9    2.1    0.0    4.0    3.0    2.0    3.9   10.1\
2025  1 25  25 12.00  350.0   40.0  255.0  4.679E+08  4.715E+07  1.112E+06 1.500E-14 1151.8  1156  8.922E+06  6.088E+03  4.427E+04  1.110E+07  204.5  188.9    2.1    0.0    4.0    3.0    2.0    3.9   10.1\
2025  1 25  25 12.00  355.0   40.0  255.0  4.346E+08  4.144E+07  9.594E+05 1.383E-14 1152.2  1156  8.757E+06  5.066E+03  4.404E+04  1.041E+07  204.5  188.9    2.1    0.0    4.0    3.0    2.0    3.9   10.1\
2025  1 25  25 12.00  360.0   40.0  255.0  4.038E+08  3.643E+07  8.283E+05 1.275E-14 1152.6  1156  8.596E+06  4.217E+03  4.382E+04  9.760E+06  204.5  188.9    2.1    0.0    4.0    3.0    2.0    3.9   10.1\
2025  1 25  25 12.00  365.0   40.0  255.0  3.752E+08  3.204E+07  7.152E+05 1.176E-14 1152.9  1156  8.438E+06  3.511E+03  4.360E+04  9.152E+06  204.5  188.9    2.1    0.0    4.0    3.0    2.0    3.9   10.1\
2025  1 25  25 12.00  370.0   40.0  255.0  3.486E+08  2.819E+07  6.178E+05 1.086E-14 1153.2  1156  8.283E+06  2.925E+03  4.338E+04  8.583E+06  204.5  188.9    2.1    0.0    4.0    3.0    2.0    3.9   10.1\
2025  1 25  25 12.00  375.0   40.0  255.0  3.240E+08  2.480E+07  5.338E+05 1.003E-14 1153.5  1156  8.132E+06  2.437E+03  4.317E+04  8.050E+06  204.5  188.9    2.1    0.0    4.0    3.0    2.0    3.9   10.1\
2025  1 25  25 12.00  380.0   40.0  255.0  3.012E+08  2.183E+07  4.614E+05 9.271E-15 1153.7  1156  7.984E+06  2.032E+03  4.296E+04  7.552E+06  204.5  188.9    2.1    0.0    4.0    3.0    2.0    3.9   10.1\
2025  1 25  25 12.00  385.0   40.0  255.0  2.800E+08  1.921E+07  3.989E+05 8.572E-15 1153.9  1156  7.839E+06  1.694E+03  4.276E+04  7.085E+06  204.5  188.9    2.1    0.0    4.0    3.0    2.0    3.9   10.1\
2025  1 25  25 12.00  390.0   40.0  255.0  2.604E+08  1.692E+07  3.449E+05 7.929E-15 1154.1  1156  7.697E+06  1.413E+03  4.256E+04  6.648E+06  204.5  188.9    2.1    0.0    4.0    3.0    2.0    3.9   10.1\
2025  1 25  25 12.00  395.0   40.0  255.0  2.422E+08  1.490E+07  2.983E+05 7.338E-15 1154.2  1156  7.557E+06  1.179E+03  4.236E+04  6.238E+06  204.5  188.9    2.1    0.0    4.0    3.0    2.0    3.9   10.1\
2025  1 25  25 12.00  400.0   40.0  255.0  2.252E+08  1.313E+07  2.581E+05 6.793E-15 1154.4  1156  7.421E+06  9.840E+02  4.216E+04  5.854E+06  204.5  188.9    2.1    0.0    4.0    3.0    2.0    3.9   10.1\
2025  1 25  25 12.00  405.0   40.0  255.0  2.095E+08  1.156E+07  2.233E+05 6.292E-15 1154.5  1156  7.288E+06  8.215E+02  4.196E+04  5.495E+06  204.5  188.9    2.1    0.0    4.0    3.0    2.0    3.9   10.1\
2025  1 25  25 12.00  410.0   40.0  255.0  1.949E+08  1.019E+07  1.933E+05 5.830E-15 1154.6  1156  7.157E+06  6.860E+02  4.177E+04  5.158E+06  204.5  188.9    2.1    0.0    4.0    3.0    2.0    3.9   10.1\
2025  1 25  25 12.00  415.0   40.0  255.0  1.813E+08  8.984E+06  1.674E+05 5.404E-15 1154.7  1156  7.028E+06  5.731E+02  4.158E+04  4.843E+06  204.5  188.9    2.1    0.0    4.0    3.0    2.0    3.9   10.1\
2025  1 25  25 12.00  420.0   40.0  255.0  1.687E+08  7.920E+06  1.449E+05 5.011E-15 1154.8  1156  6.903E+06  4.789E+02  4.138E+04  4.547E+06  204.5  188.9    2.1    0.0    4.0    3.0    2.0    3.9   10.1\
2025  1 25  25 12.00  425.0   40.0  255.0  1.570E+08  6.984E+06  1.256E+05 4.648E-15 1154.9  1156  6.779E+06  4.002E+02  4.120E+04  4.270E+06  204.5  188.9    2.1    0.0    4.0    3.0    2.0    3.9   10.1\
2025  1 25  25 12.00  430.0   40.0  255.0  1.462E+08  6.160E+06  1.088E+05 4.314E-15 1155.0  1156  6.659E+06  3.346E+02  4.101E+04  4.010E+06  204.5  188.9    2.1    0.0    4.0    3.0    2.0    3.9   10.1\
2025  1 25  25 12.00  435.0   40.0  255.0  1.361E+08  5.434E+06  9.426E+04 4.004E-15 1155.0  1156  6.540E+06  2.799E+02  4.082E+04  3.766E+06  204.5  188.9    2.1    0.0    4.0    3.0    2.0    3.9   10.1\
2025  1 25  25 12.00  440.0   40.0  255.0  1.267E+08  4.795E+06  8.171E+04 3.718E-15 1155.1  1156  6.424E+06  2.341E+02  4.064E+04  3.537E+06  204.5  188.9    2.1    0.0    4.0    3.0    2.0    3.9   10.1\
2025  1 25  25 12.00  445.0   40.0  255.0  1.180E+08  4.232E+06  7.084E+04 3.454E-15 1155.1  1156  6.310E+06  1.959E+02  4.046E+04  3.323E+06  204.5  188.9    2.1    0.0    4.0    3.0    2.0    3.9   10.1\
2025  1 25  25 12.00  450.0   40.0  255.0  1.098E+08  3.735E+06  6.143E+04 3.209E-15 1155.2  1156  6.198E+06  1.640E+02  4.027E+04  3.122E+06  204.5  188.9    2.1    0.0    4.0    3.0    2.0    3.9   10.1\
2025  1 25  25 12.00  455.0   40.0  255.0  1.023E+08  3.298E+06  5.328E+04 2.983E-15 1155.2  1156  6.089E+06  1.373E+02  4.009E+04  2.933E+06  204.5  188.9    2.1    0.0    4.0    3.0    2.0    3.9   10.1\
2025  1 25  25 12.00  460.0   40.0  255.0  9.527E+07  2.912E+06  4.622E+04 2.773E-15 1155.3  1156  5.982E+06  1.150E+02  3.991E+04  2.757E+06  204.5  188.9    2.1    0.0    4.0    3.0    2.0    3.9   10.1\
2025  1 25  25 12.00  465.0   40.0  255.0  8.875E+07  2.572E+06  4.011E+04 2.579E-15 1155.3  1156  5.876E+06  9.631E+01  3.974E+04  2.590E+06  204.5  188.9    2.1    0.0    4.0    3.0    2.0    3.9   10.1\
2025  1 25  25 12.00  470.0   40.0  255.0  8.268E+07  2.272E+06  3.481E+04 2.399E-15 1155.3  1156  5.773E+06  8.070E+01  3.956E+04  2.435E+06  204.5  188.9    2.1    0.0    4.0    3.0    2.0    3.9   10.1\
2025  1 25  25 12.00  475.0   40.0  255.0  7.703E+07  2.007E+06  3.022E+04 2.233E-15 1155.4  1156  5.672E+06  6.764E+01  3.938E+04  2.289E+06  204.5  188.9    2.1    0.0    4.0    3.0    2.0    3.9   10.1\
2025  1 25  25 12.00  480.0   40.0  255.0  7.178E+07  1.774E+06  2.624E+04 2.078E-15 1155.4  1156  5.572E+06  5.670E+01  3.921E+04  2.151E+06  204.5  188.9    2.1    0.0    4.0    3.0    2.0    3.9   10.1\
2025  1 25  25 12.00  485.0   40.0  255.0  6.689E+07  1.568E+06  2.279E+04 1.935E-15 1155.4  1156  5.475E+06  4.755E+01  3.904E+04  2.022E+06  204.5  188.9    2.1    0.0    4.0    3.0    2.0    3.9   10.1\
2025  1 25  25 12.00  490.0   40.0  255.0  6.234E+07  1.386E+06  1.979E+04 1.802E-15 1155.4  1156  5.379E+06  3.989E+01  3.886E+04  1.902E+06  204.5  188.9    2.1    0.0    4.0    3.0    2.0    3.9   10.1\
2025  1 25  25 12.00  495.0   40.0  255.0  5.811E+07  1.225E+06  1.720E+04 1.679E-15 1155.5  1156  5.286E+06  3.346E+01  3.869E+04  1.788E+06  204.5  188.9    2.1    0.0    4.0    3.0    2.0    3.9   10.1\
2025  1 25  25 12.00  500.0   40.0  255.0  5.417E+07  1.084E+06  1.495E+04 1.564E-15 1155.5  1156  5.194E+06  2.808E+01  3.852E+04  1.681E+06  204.5  188.9    2.1    0.0    4.0    3.0    2.0    3.9   10.1\
2025  1 25  25 12.00  505.0   40.0  255.0  5.050E+07  9.586E+05  1.299E+04 1.458E-15 1155.5  1156  5.103E+06  2.358E+01  3.835E+04  1.581E+06  204.5  188.9    2.1    0.0    4.0    3.0    2.0    3.9   10.1\
2025  1 25  25 12.00  510.0   40.0  255.0  4.709E+07  8.480E+05  1.129E+04 1.359E-15 1155.5  1156  5.015E+06  1.980E+01  3.819E+04  1.487E+06  204.5  188.9    2.1    0.0    4.0    3.0    2.0    3.9   10.1\
2025  1 25  25 12.00  515.0   40.0  255.0  4.391E+07  7.503E+05  9.821E+03 1.268E-15 1155.5  1156  4.928E+06  1.663E+01  3.802E+04  1.399E+06  204.5  188.9    2.1    0.0    4.0    3.0    2.0    3.9   10.1\
2025  1 25  25 12.00  520.0   40.0  255.0  4.095E+07  6.640E+05  8.542E+03 1.182E-15 1155.5  1156  4.843E+06  1.397E+01  3.785E+04  1.316E+06  204.5  188.9    2.1    0.0    4.0    3.0    2.0    3.9   10.1\
2025  1 25  25 12.00  525.0   40.0  255.0  3.820E+07  5.878E+05  7.431E+03 1.103E-15 1155.5  1156  4.759E+06  1.174E+01  3.769E+04  1.238E+06  204.5  188.9    2.1    0.0    4.0    3.0    2.0    3.9   10.1\
2025  1 25  25 12.00  530.0   40.0  255.0  3.563E+07  5.204E+05  6.465E+03 1.029E-15 1155.5  1156  4.677E+06  9.866E+00  3.753E+04  1.165E+06  204.5  188.9    2.1    0.0    4.0    3.0    2.0    3.9   10.1\
2025  1 25  25 12.00  535.0   40.0  255.0  3.324E+07  4.608E+05  5.627E+03 9.610E-16 1155.5  1156  4.596E+06  8.295E+00  3.736E+04  1.096E+06  204.5  188.9    2.1    0.0    4.0    3.0    2.0    3.9   10.1\
2025  1 25  25 12.00  540.0   40.0  255.0  3.101E+07  4.081E+05  4.898E+03 8.973E-16 1155.5  1156  4.517E+06  6.976E+00  3.720E+04  1.032E+06  204.5  188.9    2.1    0.0    4.0    3.0    2.0    3.9   10.1\
2025  1 25  25 12.00  545.0   40.0  255.0  2.893E+07  3.615E+05  4.264E+03 8.380E-16 1155.6  1156  4.440E+06  5.868E+00  3.704E+04  9.711E+05  204.5  188.9    2.1    0.0    4.0    3.0    2.0    3.9   10.1\
2025  1 25  25 12.00  550.0   40.0  255.0  2.700E+07  3.202E+05  3.713E+03 7.829E-16 1155.6  1156  4.364E+06  4.937E+00  3.688E+04  9.140E+05  204.5  188.9    2.1    0.0    4.0    3.0    2.0    3.9   10.1\
2025  1 25  25 12.00  555.0   40.0  255.0  2.520E+07  2.837E+05  3.234E+03 7.315E-16 1155.6  1156  4.289E+06  4.155E+00  3.672E+04  8.604E+05  204.5  188.9    2.1    0.0    4.0    3.0    2.0    3.9   10.1\
2025  1 25  25 12.00  560.0   40.0  255.0  2.352E+07  2.515E+05  2.817E+03 6.837E-16 1155.6  1156  4.215E+06  3.498E+00  3.656E+04  8.100E+05  204.5  188.9    2.1    0.0    4.0    3.0    2.0    3.9   10.1\
2025  1 25  25 12.00  565.0   40.0  255.0  2.195E+07  2.229E+05  2.455E+03 6.392E-16 1155.6  1156  4.144E+06  2.945E+00  3.641E+04  7.626E+05  204.5  188.9    2.1    0.0    4.0    3.0    2.0    3.9   10.1\
2025  1 25  25 12.00  570.0   40.0  255.0  2.049E+07  1.976E+05  2.139E+03 5.978E-16 1155.6  1156  4.073E+06  2.480E+00  3.625E+04  7.180E+05  204.5  188.9    2.1    0.0    4.0    3.0    2.0    3.9   10.1\
2025  1 25  25 12.00  575.0   40.0  255.0  1.913E+07  1.752E+05  1.865E+03 5.591E-16 1155.6  1156  4.004E+06  2.090E+00  3.609E+04  6.761E+05  204.5  188.9    2.1    0.0    4.0    3.0    2.0    3.9   10.1\
2025  1 25  25 12.00  580.0   40.0  255.0  1.787E+07  1.554E+05  1.626E+03 5.232E-16 1155.6  1156  3.935E+06  1.761E+00  3.594E+04  6.367E+05  204.5  188.9    2.1    0.0    4.0    3.0    2.0    3.9   10.1\
2025  1 25  25 12.00  585.0   40.0  255.0  1.668E+07  1.378E+05  1.418E+03 4.896E-16 1155.6  1156  3.869E+06  1.484E+00  3.579E+04  5.997E+05  204.5  188.9    2.1    0.0    4.0    3.0    2.0    3.9   10.1\
2025  1 25  25 12.00  590.0   40.0  255.0  1.558E+07  1.223E+05  1.237E+03 4.583E-16 1155.6  1156  3.803E+06  1.251E+00  3.563E+04  5.648E+05  204.5  188.9    2.1    0.0    4.0    3.0    2.0    3.9   10.1\
2025  1 25  25 12.00  595.0   40.0  255.0  1.455E+07  1.085E+05  1.079E+03 4.292E-16 1155.6  1156  3.739E+06  1.055E+00  3.548E+04  5.321E+05  204.5  188.9    2.1    0.0    4.0    3.0    2.0    3.9   10.1\
2025  1 25  25 12.00  600.0   40.0  255.0  1.359E+07  9.631E+04  9.413E+02 4.020E-16 1155.6  1156  3.676E+06  8.900E-01  3.533E+04  5.012E+05  204.5  188.9    2.1    0.0    4.0    3.0    2.0    3.9   10.1\
2025  1 25  25 12.00  605.0   40.0  255.0  1.270E+07  8.549E+04  8.215E+02 3.766E-16 1155.6  1156  3.614E+06  7.509E-01  3.518E+04  4.722E+05  204.5  188.9    2.1    0.0    4.0    3.0    2.0    3.9   10.1\
2025  1 25  25 12.00  610.0   40.0  255.0  1.186E+07  7.589E+04  7.170E+02 3.529E-16 1155.6  1156  3.553E+06  6.336E-01  3.503E+04  4.450E+05  204.5  188.9    2.1    0.0    4.0    3.0    2.0    3.9   10.1\
2025  1 25  25 12.00  615.0   40.0  255.0  1.109E+07  6.739E+04  6.260E+02 3.309E-16 1155.6  1156  3.493E+06  5.349E-01  3.488E+04  4.193E+05  204.5  188.9    2.1    0.0    4.0    3.0    2.0    3.9   10.1\
2025  1 25  25 12.00  620.0   40.0  255.0  1.036E+07  5.985E+04  5.467E+02 3.102E-16 1155.6  1156  3.434E+06  4.516E-01  3.474E+04  3.951E+05  204.5  188.9    2.1    0.0    4.0    3.0    2.0    3.9   10.1\
2025  1 25  25 12.00  625.0   40.0  255.0  9.682E+06  5.316E+04  4.774E+02 2.910E-16 1155.6  1156  3.377E+06  3.814E-01  3.459E+04  3.724E+05  204.5  188.9    2.1    0.0    4.0    3.0    2.0    3.9   10.1\
2025  1 25  25 12.00  630.0   40.0  255.0  9.049E+06  4.723E+04  4.171E+02 2.730E-16 1155.6  1156  3.320E+06  3.221E-01  3.444E+04  3.510E+05  204.5  188.9    2.1    0.0    4.0    3.0    2.0    3.9   10.1\
2025  1 25  25 12.00  635.0   40.0  255.0  8.458E+06  4.196E+04  3.644E+02 2.563E-16 1155.6  1156  3.264E+06  2.722E-01  3.430E+04  3.309E+05  204.5  188.9    2.1    0.0    4.0    3.0    2.0    3.9   10.1\
2025  1 25  25 12.00  640.0   40.0  255.0  7.907E+06  3.729E+04  3.185E+02 2.406E-16 1155.6  1156  3.210E+06  2.300E-01  3.415E+04  3.119E+05  204.5  188.9    2.1    0.0    4.0    3.0    2.0    3.9   10.1\
2025  1 25  25 12.00  645.0   40.0  255.0  7.393E+06  3.315E+04  2.784E+02 2.260E-16 1155.6  1156  3.156E+06  1.945E-01  3.401E+04  2.941E+05  204.5  188.9    2.1    0.0    4.0    3.0    2.0    3.9   10.1\
2025  1 25  25 12.00  650.0   40.0  255.0  6.912E+06  2.947E+04  2.434E+02 2.123E-16 1155.6  1156  3.104E+06  1.644E-01  3.387E+04  2.773E+05  204.5  188.9    2.1    0.0    4.0    3.0    2.0    3.9   10.1\
2025  1 25  25 12.00  655.0   40.0  255.0  6.463E+06  2.620E+04  2.128E+02 1.995E-16 1155.6  1156  3.052E+06  1.391E-01  3.373E+04  2.614E+05  204.5  188.9    2.1    0.0    4.0    3.0    2.0    3.9   10.1\
2025  1 25  25 12.00  660.0   40.0  255.0  6.045E+06  2.330E+04  1.861E+02 1.875E-16 1155.6  1156  3.001E+06  1.176E-01  3.359E+04  2.465E+05  204.5  188.9    2.1    0.0    4.0    3.0    2.0    3.9   10.1\
2025  1 25  25 12.00  665.0   40.0  255.0  5.653E+06  2.072E+04  1.628E+02 1.764E-16 1155.6  1156  2.952E+06  9.953E-02  3.345E+04  2.325E+05  204.5  188.9    2.1    0.0    4.0    3.0    2.0    3.9   10.1\
2025  1 25  25 12.00  670.0   40.0  255.0  5.288E+06  1.844E+04  1.424E+02 1.659E-16 1155.6  1156  2.903E+06  8.424E-02  3.331E+04  2.193E+05  204.5  188.9    2.1    0.0    4.0    3.0    2.0    3.9   10.1\
2025  1 25  25 12.00  675.0   40.0  255.0  4.947E+06  1.640E+04  1.246E+02 1.561E-16 1155.6  1156  2.855E+06  7.131E-02  3.317E+04  2.069E+05  204.5  188.9    2.1    0.0    4.0    3.0    2.0    3.9   10.1\
2025  1 25  25 12.00  680.0   40.0  255.0  4.628E+06  1.460E+04  1.091E+02 1.470E-16 1155.6  1156  2.807E+06  6.038E-02  3.303E+04  1.951E+05  204.5  188.9    2.1    0.0    4.0    3.0    2.0    3.9   10.1\
2025  1 25  25 12.00  685.0   40.0  255.0  4.330E+06  1.299E+04  9.549E+01 1.384E-16 1155.6  1156  2.761E+06  5.114E-02  3.289E+04  1.841E+05  204.5  188.9    2.1    0.0    4.0    3.0    2.0    3.9   10.1\
2025  1 25  25 12.00  690.0   40.0  255.0  4.052E+06  1.157E+04  8.361E+01 1.304E-16 1155.6  1156  2.716E+06  4.332E-02  3.276E+04  1.737E+05  204.5  188.9    2.1    0.0    4.0    3.0    2.0    3.9   10.1\
2025  1 25  25 12.00  695.0   40.0  255.0  3.792E+06  1.030E+04  7.322E+01 1.229E-16 1155.6  1156  2.671E+06  3.671E-02  3.262E+04  1.639E+05  204.5  188.9    2.1    0.0    4.0    3.0    2.0    3.9   10.1\
2025  1 25  25 12.00  700.0   40.0  255.0  3.548E+06  9.169E+03  6.414E+01 1.159E-16 1155.6  1156  2.627E+06  3.111E-02  3.249E+04  1.547E+05  204.5  188.9    2.1    0.0    4.0    3.0    2.0    3.9   10.1\
2025  1 25  25 12.00  705.0   40.0  255.0  3.321E+06  8.167E+03  5.619E+01 1.093E-16 1155.6  1156  2.584E+06  2.638E-02  3.235E+04  1.460E+05  204.5  188.9    2.1    0.0    4.0    3.0    2.0    3.9   10.1\
2025  1 25  25 12.00  710.0   40.0  255.0  3.109E+06  7.275E+03  4.923E+01 1.032E-16 1155.6  1156  2.542E+06  2.237E-02  3.222E+04  1.378E+05  204.5  188.9    2.1    0.0    4.0    3.0    2.0    3.9   10.1\
2025  1 25  25 12.00  715.0   40.0  255.0  2.911E+06  6.481E+03  4.315E+01 9.742E-17 1155.6  1156  2.500E+06  1.897E-02  3.209E+04  1.300E+05  204.5  188.9    2.1    0.0    4.0    3.0    2.0    3.9   10.1\
2025  1 25  25 12.00  720.0   40.0  255.0  2.725E+06  5.775E+03  3.782E+01 9.202E-17 1155.6  1156  2.459E+06  1.609E-02  3.195E+04  1.227E+05  204.5  188.9    2.1    0.0    4.0    3.0    2.0    3.9   10.1\
2025  1 25  25 12.00  725.0   40.0  255.0  2.551E+06  5.147E+03  3.316E+01 8.695E-17 1155.6  1156  2.419E+06  1.365E-02  3.182E+04  1.159E+05  204.5  188.9    2.1    0.0    4.0    3.0    2.0    3.9   10.1\
2025  1 25  25 12.00  730.0   40.0  255.0  2.389E+06  4.588E+03  2.908E+01 8.220E-17 1155.6  1156  2.380E+06  1.159E-02  3.169E+04  1.094E+05  204.5  188.9    2.1    0.0    4.0    3.0    2.0    3.9   10.1\
2025  1 25  25 12.00  735.0   40.0  255.0  2.238E+06  4.090E+03  2.550E+01 7.775E-17 1155.6  1156  2.341E+06  9.838E-03  3.156E+04  1.033E+05  204.5  188.9    2.1    0.0    4.0    3.0    2.0    3.9   10.1\
2025  1 25  25 12.00  740.0   40.0  255.0  2.096E+06  3.647E+03  2.237E+01 7.357E-17 1155.6  1156  2.303E+06  8.354E-03  3.143E+04  9.753E+04  204.5  188.9    2.1    0.0    4.0    3.0    2.0    3.9   10.1\
2025  1 25  25 12.00  745.0   40.0  255.0  1.963E+06  3.252E+03  1.963E+01 6.965E-17 1155.6  1156  2.266E+06  7.095E-03  3.131E+04  9.211E+04  204.5  188.9    2.1    0.0    4.0    3.0    2.0    3.9   10.1}