2020  1  2   2 12.00    0.0   80.0  255.0  9.999E-38  2.268E+19  6.083E+18 1.396E-03  250.0   640  1.511E+14  2.711E+17  9.999E-38  9.999E-38   71.8   71.5    2.1    4.0    3.0    2.0    2.0    2.5    2.0\
2020  1  2   2 12.00    5.0   80.0  255.0  9.999E-38  1.209E+19  3.243E+18 7.445E-04  234.9   640  8.054E+13  1.445E+17  9.999E-38  9.999E-38   71.8   71.5    2.1    4.0    3.0    2.0    2.0    2.5    2.0\
2020  1  2   2 12.00   10.0   80.0  255.0  9.999E-38  6.102E+18  1.636E+18 3.756E-04  217.4   640  4.063E+13  7.292E+16  9.999E-38  9.999E-38   71.8   71.5    2.1    4.0    3.0    2.0    2.0    2.5    2.0\
2020  1  2   2 12.00   15.0   80.0  255.0  9.999E-38  2.825E+18  7.576E+17 1.739E-04  211.9   640  1.881E+13  3.376E+16  9.999E-38  9.999E-38   71.8   71.5    2.1    4.0    3.0    2.0    2.0    2.5    2.0\
2020  1  2   2 12.00   20.0   80.0  255.0  9.999E-38  1.287E+18  3.450E+17 7.920E-05  205.9   640  8.568E+12  1.538E+16  9.999E-38  9.999E-38   71.8   71.5    2.1    4.0    3.0    2.0    2.0    2.5    2.0\
2020  1  2   2 12.00   25.0   80.0  255.0  9.999E-38  5.639E+17  1.512E+17 3.472E-05  204.8   640  3.755E+12  6.740E+15  9.999E-38  9.999E-38   71.8   71.5    2.1    4.0    3.0    2.0    2.0    2.5    2.0\
2020  1  2   2 12.00   30.0   80.0  255.0  9.999E-38  2.437E+17  6.534E+16 1.500E-05  207.9   640  1.623E+12  2.912E+15  9.999E-38  9.999E-38   71.8   71.5    2.1    4.0    3.0    2.0    2.0    2.5    2.0\
2020  1  2   2 12.00   35.0   80.0  255.0  9.999E-38  1.052E+17  2.822E+16 6.479E-06  216.0   640  7.008E+11  1.258E+15  9.999E-38  9.999E-38   71.8   71.5    2.1    4.0    3.0    2.0    2.0    2.5    2.0\
2020  1  2   2 12.00   40.0   80.0  255.0  9.999E-38  4.666E+16  1.251E+16 2.872E-06  226.8   640  3.107E+11  5.577E+14  9.999E-38  9.999E-38   71.8   71.5    2.1    4.0    3.0    2.0    2.0    2.5    2.0\
2020  1  2   2 12.00   45.0   80.0  255.0  9.999E-38  2.152E+16  5.771E+15 1.325E-06  237.4   640  1.433E+11  2.572E+14  9.999E-38  9.999E-38   71.8   71.5    2.1    4.0    3.0    2.0    2.0    2.5    2.0\
2020  1  2   2 12.00   50.0   80.0  255.0  9.999E-38  1.030E+16  2.763E+15 6.343E-07  247.3   640  6.862E+10  1.231E+14  9.999E-38  9.999E-38   71.8   71.5    2.1    4.0    3.0    2.0    2.0    2.5    2.0\
2020  1  2   2 12.00   55.0   80.0  255.0  1.002E+08  5.146E+15  1.380E+15 3.168E-07  252.8   640  3.427E+10  6.150E+13  9.999E-38  9.999E-38   71.8   71.5    2.1    4.0    3.0    2.0    2.0    2.5    2.0\
2020  1  2   2 12.00   60.0   80.0  255.0  1.501E+08  2.677E+15  7.178E+14 1.648E-07  249.1   640  1.783E+10  3.199E+13  9.999E-38  9.999E-38   71.8   71.5    2.1    4.0    3.0    2.0    2.0    2.5    2.0\
2020  1  2   2 12.00   65.0   80.0  255.0  2.946E+08  1.391E+15  3.730E+14 8.564E-08  241.7   640  9.264E+09  1.663E+13  9.999E-38  9.999E-38   71.8   71.5    2.1    4.0    3.0    2.0    2.0    2.5    2.0\
2020  1  2   2 12.00   70.0   80.0  255.0  7.434E+08  7.057E+14  1.892E+14 4.344E-08  236.4   640  4.699E+09  8.434E+12  9.999E-38  9.999E-38   71.8   71.5    2.1    4.0    3.0    2.0    2.0    2.5    2.0\
2020  1  2   2 12.00   75.0   80.0  255.0  2.419E+09  3.582E+14  9.604E+13 2.205E-08  226.0   640  2.385E+09  4.280E+12  9.999E-38  9.999E-38   71.8   71.5    2.1    4.0    3.0    2.0    2.0    2.5    2.0\
2020  1  2   2 12.00   80.0   80.0  255.0  3.080E+10  1.752E+14  4.699E+13 1.079E-08  217.0   640  1.184E+09  2.094E+12  6.374E+07  9.999E-38   71.8   71.5    2.1    4.0    3.0    2.0    2.0    2.5    2.0\
2020  1  2   2 12.00   85.0   80.0  255.0  3.148E+11  8.409E+13  2.255E+13 5.185E-09  205.2   640  6.002E+08  1.005E+12  5.548E+07  9.999E-38   71.8   71.5    2.1    4.0    3.0    2.0    2.0    2.5    2.0\
2020  1  2   2 12.00   90.0   80.0  255.0  4.637E+11  3.813E+13  1.019E+13 2.357E-09  197.3   640  3.119E+08  4.507E+11  3.321E+07  9.999E-38   71.8   71.5    2.1    4.0    3.0    2.0    2.0    2.5    2.0\
2020  1  2   2 12.00   95.0   80.0  255.0  4.224E+11  1.662E+13  4.395E+12 1.030E-09  193.0   640  1.824E+08  1.898E+11  2.059E+07  3.558E+04   71.8   71.5    2.1    4.0    3.0    2.0    2.0    2.5    2.0\
2020  1  2   2 12.00  100.0   80.0  255.0  3.550E+11  7.040E+12  1.813E+12 4.381E-10  191.5   640  1.233E+08  7.332E+10  1.364E+07  7.155E+04   71.8   71.5    2.1    4.0    3.0    2.0    2.0    2.5    2.0\
2020  1  2   2 12.00  105.0   80.0  255.0  2.757E+11  2.867E+12  7.036E+11 1.798E-10  201.7   640  9.329E+07  2.537E+10  9.325E+06  1.317E+05   71.8   71.5    2.1    4.0    3.0    2.0    2.0    2.5    2.0\
2020  1  2   2 12.00  110.0   80.0  255.0  1.714E+11  1.165E+12  2.682E+11 7.355E-11  231.8   640  7.482E+07  8.462E+09  6.443E+06  2.262E+05   71.8   71.5    2.1    4.0    3.0    2.0    2.0    2.5    2.0\
2020  1  2   2 12.00  115.0   80.0  255.0  1.009E+11  5.070E+11  1.092E+11 3.226E-11  281.5   640  6.066E+07  3.016E+09  4.429E+06  3.731E+05   71.8   71.5    2.1    4.0    3.0    2.0    2.0    2.5    2.0\
2020  1  2   2 12.00  120.0   80.0  255.0  6.234E+10  2.471E+11  4.995E+10 1.589E-11  343.2   640  5.083E+07  1.217E+09  3.162E+06  6.026E+05   71.8   71.5    2.1    4.0    3.0    2.0    2.0    2.5    2.0\
2020  1  2   2 12.00  125.0   80.0  255.0  4.167E+10  1.356E+11  2.585E+10 8.824E-12  407.2   640  4.407E+07  5.607E+08  2.376E+06  9.549E+05   71.8   71.5    2.1    4.0    3.0    2.0    2.0    2.5    2.0\
2020  1  2   2 12.00  130.0   80.0  255.0  3.015E+10  8.303E+10  1.502E+10 5.481E-12  459.4   640  4.019E+07  2.931E+08  1.897E+06  1.484E+06   71.8   71.5    2.1    4.0    3.0    2.0    2.0    2.5    2.0\
2020  1  2   2 12.00  135.0   80.0  255.0  2.303E+10  5.472E+10  9.413E+09 3.669E-12  499.9   640  3.798E+07  1.665E+08  1.584E+06  2.226E+06   71.8   71.5    2.1    4.0    3.0    2.0    2.0    2.5    2.0\
2020  1  2   2 12.00  140.0   80.0  255.0  1.824E+10  3.783E+10  6.203E+09 2.581E-12  531.3   640  3.666E+07  9.989E+07  1.363E+06  3.204E+06   71.8   71.5    2.1    4.0    3.0    2.0    2.0    2.5    2.0\
2020  1  2   2 12.00  145.0   80.0  255.0  1.483E+10  2.701E+10  4.233E+09 1.880E-12  555.5   640  3.588E+07  6.223E+07  1.200E+06  4.412E+06   71.8   71.5    2.1    4.0    3.0    2.0    2.0    2.5    2.0\
2020  1  2   2 12.00  150.0   80.0  255.0  1.227E+10  1.974E+10  2.961E+09 1.404E-12  574.3   640  3.541E+07  3.991E+07  1.074E+06  5.798E+06   71.8   71.5    2.1    4.0    3.0    2.0    2.0    2.5    2.0\
2020  1  2   2 12.00  155.0   80.0  255.0  1.026E+10  1.467E+10  2.110E+09 1.069E-12  588.9   640  3.511E+07  2.615E+07  9.742E+05  7.272E+06   71.8   71.5    2.1    4.0    3.0    2.0    2.0    2.5    2.0\
2020  1  2   2 12.00  160.0   80.0  255.0  8.665E+09  1.104E+10  1.524E+09 8.263E-13  600.2   640  3.490E+07  1.742E+07  8.941E+05  8.721E+06   71.8   71.5    2.1    4.0    3.0    2.0    2.0    2.5    2.0\
2020  1  2   2 12.00  165.0   80.0  255.0  7.365E+09  8.387E+09  1.112E+09 6.461E-13  609.0   640  3.472E+07  1.175E+07  8.288E+05  1.002E+07   71.8   71.5    2.1    4.0    3.0    2.0    2.0    2.5    2.0\
2020  1  2   2 12.00  170.0   80.0  255.0  6.293E+09  6.416E+09  8.184E+08 5.102E-13  615.8   640  3.450E+07  8.001E+06  7.750E+05  1.108E+07   71.8   71.5    2.1    4.0    3.0    2.0    2.0    2.5    2.0\
2020  1  2   2 12.00  175.0   80.0  255.0  5.399E+09  4.936E+09  6.059E+08 4.061E-13  621.1   640  3.424E+07  5.492E+06  7.303E+05  1.182E+07   71.8   71.5    2.1    4.0    3.0    2.0    2.0    2.5    2.0\
2020  1  2   2 12.00  180.0   80.0  255.0  4.646E+09  3.813E+09  4.508E+08 3.255E-13  625.2   640  3.390E+07  3.793E+06  6.931E+05  1.222E+07   71.8   71.5    2.1    4.0    3.0    2.0    2.0    2.5    2.0\
2020  1  2   2 12.00  185.0   80.0  255.0  4.009E+09  2.955E+09  3.368E+08 2.626E-13  628.4   640  3.349E+07  2.632E+06  6.619E+05  1.229E+07   71.8   71.5    2.1    4.0    3.0    2.0    2.0    2.5    2.0\
2020  1  2   2 12.00  190.0   80.0  255.0  3.466E+09  2.297E+09  2.523E+08 2.129E-13  630.9   640  3.301E+07  1.834E+06  6.355E+05  1.208E+07   71.8   71.5    2.1    4.0    3.0    2.0    2.0    2.5    2.0\
2020  1  2   2 12.00  195.0   80.0  255.0  3.001E+09  1.789E+09  1.895E+08 1.736E-13  632.8   640  3.245E+07  1.282E+06  6.131E+05  1.164E+07   71.8   71.5    2.1    4.0    3.0    2.0    2.0    2.5    2.0\
2020  1  2   2 12.00  200.0   80.0  255.0  2.601E+09  1.395E+09  1.427E+08 1.421E-13  634.3   640  3.183E+07  8.990E+05  5.940E+05  1.104E+07   71.8   71.5    2.1    4.0    3.0    2.0    2.0    2.5    2.0\
2020  1  2   2 12.00  205.0   80.0  255.0  2.258E+09  1.090E+09  1.076E+08 1.169E-13  635.5   640  3.116E+07  6.316E+05  5.775E+05  1.033E+07   71.8   71.5    2.1    4.0    3.0    2.0    2.0    2.5    2.0\
2020  1  2   2 12.00  210.0   80.0  255.0  1.961E+09  8.527E+08  8.123E+07 9.653E-14  636.4   640  3.045E+07  4.446E+05  5.633E+05  9.563E+06   71.8   71.5    2.1    4.0    3.0    2.0    2.0    2.5    2.0\
2020  1  2   2 12.00  215.0   80.0  255.0  1.704E+09  6.676E+08  6.141E+07 8.002E-14  637.1   640  2.970E+07  3.134E+05  5.509E+05  8.776E+06   71.8   71.5    2.1    4.0    3.0    2.0    2.0    2.5    2.0\
2020  1  2   2 12.00  220.0   80.0  255.0  1.482E+09  5.231E+08  4.647E+07 6.657E-14  637.6   640  2.894E+07  2.213E+05  5.399E+05  7.997E+06   71.8   71.5    2.1    4.0    3.0    2.0    2.0    2.5    2.0\
2020  1  2   2 12.00  225.0   80.0  255.0  1.290E+09  4.102E+08  3.520E+07 5.558E-14  638.1   640  2.815E+07  1.564E+05  5.302E+05  7.247E+06   71.8   71.5    2.1    4.0    3.0    2.0    2.0    2.5    2.0\
2020  1  2   2 12.00  230.0   80.0  255.0  1.123E+09  3.219E+08  2.668E+07 4.656E-14  638.4   640  2.736E+07  1.106E+05  5.215E+05  6.539E+06   71.8   71.5    2.1    4.0    3.0    2.0    2.0    2.5    2.0\
2020  1  2   2 12.00  235.0   80.0  255.0  9.776E+08  2.528E+08  2.024E+07 3.913E-14  638.7   640  2.657E+07  7.834E+04  5.136E+05  5.879E+06   71.8   71.5    2.1    4.0    3.0    2.0    2.0    2.5    2.0\
2020  1  2   2 12.00  240.0   80.0  255.0  8.517E+08  1.986E+08  1.536E+07 3.298E-14  638.9   640  2.578E+07  5.552E+04  5.064E+05  5.271E+06   71.8   71.5    2.1    4.0    3.0    2.0    2.0    2.5    2.0\
2020  1  2   2 12.00  245.0   80.0  255.0  7.421E+08  1.561E+08  1.167E+07 2.788E-14  639.0   640  2.500E+07  3.938E+04  4.998E+05  4.716E+06   71.8   71.5    2.1    4.0    3.0    2.0    2.0    2.5    2.0\
2020  1  2   2 12.00  250.0   80.0  255.0  6.469E+08  1.227E+08  8.865E+06 2.363E-14  639.1   640  2.423E+07  2.795E+04  4.937E+05  4.213E+06   71.8   71.5    2.1    4.0    3.0    2.0    2.0    2.5    2.0\
2020  1  2   2 12.00  255.0   80.0  255.0  5.641E+08  9.656E+07  6.740E+06 2.008E-14  639.2   640  2.348E+07  1.985E+04  4.879E+05  3.758E+06   71.8   71.5    2.1    4.0    3.0    2.0    2.0    2.5    2.0\
2020  1  2   2 12.00  260.0   80.0  255.0  4.919E+08  7.600E+07  5.127E+06 1.711E-14  639.3   640  2.273E+07  1.411E+04  4.825E+05  3.349E+06   71.8   71.5    2.1    4.0    3.0    2.0    2.0    2.5    2.0\
2020  1  2   2 12.00  265.0   80.0  255.0  4.291E+08  5.984E+07  3.902E+06 1.461E-14  639.4   640  2.201E+07  1.003E+04  4.774E+05  2.983E+06   71.8   71.5    2.1    4.0    3.0    2.0    2.0    2.5    2.0\
2020  1  2   2 12.00  270.0   80.0  255.0  3.744E+08  4.714E+07  2.971E+06 1.250E-14  639.4   640  2.130E+07  7.137E+03  4.725E+05  2.655E+06   71.8   71.5    2.1    4.0    3.0    2.0    2.0    2.5    2.0\
2020  1  2   2 12.00  275.0   80.0  255.0  3.268E+08  3.714E+07  2.263E+06 1.072E-14  639.5   640  2.062E+07  5.081E+03  4.678E+05  2.362E+06   71.8   71.5    2.1    4.0    3.0    2.0    2.0    2.5    2.0\
2020  1  2   2 12.00  280.0   80.0  255.0  2.853E+08  2.928E+07  1.725E+06 9.215E-15  639.5   640  1.995E+07  3.619E+03  4.632E+05  2.101E+06   71.8   71.5    2.1    4.0    3.0    2.0    2.0    2.5    2.0\
2020  1  2   2 12.00  285.0   80.0  255.0  2.491E+08  2.309E+07  1.315E+06 7.934E-15  639.5   640  1.930E+07  2.579E+03  4.589E+05  1.868E+06   71.8   71.5    2.1    4.0    3.0    2.0    2.0    2.5    2.0\
2020  1  2   2 12.00  290.0   80.0  255.0  2.175E+08  1.822E+07  1.003E+06 6.844E-15  639.5   640  1.867E+07  1.839E+03  4.546E+05  1.661E+06   71.8   71.5    2.1    4.0    3.0    2.0    2.0    2.5    2.0\
2020  1  2   2 12.00  295.0   80.0  255.0  1.900E+08  1.438E+07  7.652E+05 5.913E-15  639.5   640  1.806E+07  1.312E+03  4.505E+05  1.477E+06   71.8   71.5    2.1    4.0    3.0    2.0    2.0    2.5    2.0\
2020  1  2   2 12.00  300.0   80.0  255.0  1.660E+08  1.135E+07  5.841E+05 5.117E-15  639.5   640  1.747E+07  9.367E+02  4.464E+05  1.313E+06   71.8   71.5    2.1    4.0    3.0    2.0    2.0    2.5    2.0\
2020  1  2   2 12.00  305.0   80.0  255.0  1.451E+08  8.963E+06  4.461E+05 4.435E-15  639.6   640  1.690E+07  6.690E+02  4.424E+05  1.168E+06   71.8   71.5    2.1    4.0    3.0    2.0    2.0    2.5    2.0\
2020  1  2   2 12.00  310.0   80.0  255.0  1.268E+08  7.081E+06  3.408E+05 3.850E-15  639.6   640  1.634E+07  4.780E+02  4.386E+05  1.039E+06   71.8   71.5    2.1    4.0    3.0    2.0    2.0    2.5    2.0\
2020  1  2   2 12.00  315.0   80.0  255.0  1.109E+08  5.597E+06  2.605E+05 3.347E-15  639.6   640  1.581E+07  3.417E+02  4.347E+05  9.236E+05   71.8   71.5    2.1    4.0    3.0    2.0    2.0    2.5    2.0\
2020  1  2   2 12.00  320.0   80.0  255.0  9.694E+07  4.425E+06  1.992E+05 2.913E-15  639.6   640  1.529E+07  2.444E+02  4.310E+05  8.214E+05   71.8   71.5    2.1    4.0    3.0    2.0    2.0    2.5    2.0\
2020  1  2   2 12.00  325.0   80.0  255.0  8.479E+07  3.499E+06  1.523E+05 2.539E-15  639.6   640  1.479E+07  1.749E+02  4.273E+05  7.307E+05   71.8   71.5    2.1    4.0    3.0    2.0    2.0    2.5    2.0\
2020  1  2   2 12.00  330.0   80.0  255.0  7.417E+07  2.769E+06  1.166E+05 2.216E-15  639.6   640  1.431E+07  1.253E+02  4.237E+05  6.500E+05   71.8   71.5    2.1    4.0    3.0    2.0    2.0    2.5    2.0\
2020  1  2   2 12.00  335.0   80.0  255.0  6.489E+07  2.191E+06  8.924E+04 1.937E-15  639.6   640  1.384E+07  8.973E+01  4.201E+05  5.784E+05   71.8   71.5    2.1    4.0    3.0    2.0    2.0    2.5    2.0\
2020  1  2   2 12.00  340.0   80.0  255.0  5.679E+07  1.735E+06  6.834E+04 1.695E-15  639.6   640  1.339E+07  6.431E+01  4.165E+05  5.147E+05   71.8   71.5    2.1    4.0    3.0    2.0    2.0    2.5    2.0\
2020  1  2   2 12.00  345.0   80.0  255.0  4.971E+07  1.374E+06  5.236E+04 1.485E-15  639.6   640  1.295E+07  4.612E+01  4.130E+05  4.581E+05   71.8   71.5    2.1    4.0    3.0    2.0    2.0    2.5    2.0\
2020  1  2   2 12.00  350.0   80.0  255.0  4.352E+07  1.089E+06  4.013E+04 1.302E-15  639.6   640  1.253E+07  3.309E+01  4.096E+05  4.078E+05   71.8   71.5    2.1    4.0    3.0    2.0    2.0    2.5    2.0\
2020  1  2   2 12.00  355.0   80.0  255.0  3.811E+07  8.627E+05  3.077E+04 1.144E-15  639.6   640  1.212E+07  2.375E+01  4.061E+05  3.630E+05   71.8   71.5    2.1    4.0    3.0    2.0    2.0    2.5    2.0\
2020  1  2   2 12.00  360.0   80.0  255.0  3.337E+07  6.840E+05  2.360E+04 1.006E-15  639.6   640  1.172E+07  1.706E+01  4.028E+05  3.233E+05   71.8   71.5    2.1    4.0    3.0    2.0    2.0    2.5    2.0\
2020  1  2   2 12.00  365.0   80.0  255.0  2.924E+07  5.424E+05  1.811E+04 8.856E-16  639.6   640  1.134E+07  1.225E+01  3.994E+05  2.879E+05   71.8   71.5    2.1    4.0    3.0    2.0    2.0    2.5    2.0\
2020  1  2   2 12.00  370.0   80.0  255.0  2.561E+07  4.304E+05  1.390E+04 7.808E-16  639.6   640  1.097E+07  8.809E+00  3.961E+05  2.564E+05   71.8   71.5    2.1    4.0    3.0    2.0    2.0    2.5    2.0\
2020  1  2   2 12.00  375.0   80.0  255.0  2.245E+07  3.415E+05  1.068E+04 6.893E-16  639.6   640  1.062E+07  6.336E+00  3.929E+05  2.285E+05   71.8   71.5    2.1    4.0    3.0    2.0    2.0    2.5    2.0\
2020  1  2   2 12.00  380.0   80.0  255.0  1.968E+07  2.712E+05  8.203E+03 6.094E-16  639.6   640  1.027E+07  4.559E+00  3.896E+05  2.036E+05   71.8   71.5    2.1    4.0    3.0    2.0    2.0    2.5    2.0\
2020  1  2   2 12.00  385.0   80.0  255.0  1.725E+07  2.153E+05  6.305E+03 5.395E-16  639.6   640  9.942E+06  3.282E+00  3.864E+05  1.814E+05   71.8   71.5    2.1    4.0    3.0    2.0    2.0    2.5    2.0\
2020  1  2   2 12.00  390.0   80.0  255.0  1.512E+07  1.711E+05  4.847E+03 4.784E-16  639.6   640  9.621E+06  2.364E+00  3.832E+05  1.617E+05   71.8   71.5    2.1    4.0    3.0    2.0    2.0    2.5    2.0\
2020  1  2   2 12.00  395.0   80.0  255.0  1.326E+07  1.360E+05  3.729E+03 4.248E-16  639.6   640  9.310E+06  1.703E+00  3.801E+05  1.441E+05   71.8   71.5    2.1    4.0    3.0    2.0    2.0    2.5    2.0\
2020  1  2   2 12.00  400.0   80.0  255.0  1.164E+07  1.081E+05  2.869E+03 3.778E-16  639.6   640  9.010E+06  1.228E+00  3.770E+05  1.285E+05   71.8   71.5    2.1    4.0    3.0    2.0    2.0    2.5    2.0\
2020  1  2   2 12.00  405.0   80.0  255.0  1.021E+07  8.596E+04  2.208E+03 3.366E-16  639.6   640  8.721E+06  8.859E-01  3.739E+05  1.146E+05   71.8   71.5    2.1    4.0    3.0    2.0    2.0    2.5    2.0\
2020  1  2   2 12.00  410.0   80.0  255.0  8.958E+06  6.838E+04  1.701E+03 3.004E-16  639.6   640  8.440E+06  6.393E-01  3.709E+05  1.022E+05   71.8   71.5    2.1    4.0    3.0    2.0    2.0    2.5    2.0\
2020  1  2   2 12.00  415.0   80.0  255.0  7.862E+06  5.442E+04  1.310E+03 2.685E-16  639.6   640  8.170E+06  4.616E-01  3.679E+05  9.120E+04   71.8   71.5    2.1    4.0    3.0    2.0    2.0    2.5    2.0\
2020  1  2   2 12.00  420.0   80.0  255.0  6.902E+06  4.332E+04  1.010E+03 2.405E-16  639.6   640  7.908E+06  3.334E-01  3.649E+05  8.137E+04   71.8   71.5    2.1    4.0    3.0    2.0    2.0    2.5    2.0\
2020  1  2   2 12.00  425.0   80.0  255.0  6.060E+06  3.450E+04  7.783E+02 2.158E-16  639.6   640  7.655E+06  2.410E-01  3.619E+05  7.261E+04   71.8   71.5    2.1    4.0    3.0    2.0    2.0    2.5    2.0\
2020  1  2   2 12.00  430.0   80.0  255.0  5.322E+06  2.748E+04  6.003E+02 1.941E-16  639.6   640  7.410E+06  1.742E-01  3.590E+05  6.481E+04   71.8   71.5    2.1    4.0    3.0    2.0    2.0    2.5    2.0\
2020  1  2   2 12.00  435.0   80.0  255.0  4.675E+06  2.190E+04  4.631E+02 1.749E-16  639.6   640  7.174E+06  1.260E-01  3.561E+05  5.785E+04   71.8   71.5    2.1    4.0    3.0    2.0    2.0    2.5    2.0\
2020  1  2   2 12.00  440.0   80.0  255.0  4.107E+06  1.745E+04  3.574E+02 1.579E-16  639.6   640  6.945E+06  9.121E-02  3.532E+05  5.165E+04   71.8   71.5    2.1    4.0    3.0    2.0    2.0    2.5    2.0\
2020  1  2   2 12.00  445.0   80.0  255.0  3.609E+06  1.392E+04  2.760E+02 1.429E-16  639.6   640  6.725E+06  6.604E-02  3.504E+05  4.612E+04   71.8   71.5    2.1    4.0    3.0    2.0    2.0    2.5    2.0\
2020  1  2   2 12.00  450.0   80.0  255.0  3.172E+06  1.110E+04  2.132E+02 1.296E-16  639.6   640  6.511E+06  4.784E-02  3.476E+05  4.119E+04   71.8   71.5    2.1    4.0    3.0    2.0    2.0    2.5    2.0\
2020  1  2   2 12.00  455.0   80.0  255.0  2.788E+06  8.859E+03  1.647E+02 1.178E-16  639.6   640  6.304E+06  3.467E-02  3.448E+05  3.680E+04   71.8   71.5    2.1    4.0    3.0    2.0    2.0    2.5    2.0\
2020  1  2   2 12.00  460.0   80.0  255.0  2.451E+06  7.071E+03  1.273E+02 1.074E-16  639.6   640  6.105E+06  2.514E-02  3.420E+05  3.287E+04   71.8   71.5    2.1    4.0    3.0    2.0    2.0    2.5    2.0\
2020  1  2   2 12.00  465.0   80.0  255.0  2.156E+06  5.646E+03  9.846E+01 9.810E-17  639.6   640  5.912E+06  1.824E-02  3.393E+05  2.937E+04   71.8   71.5    2.1    4.0    3.0    2.0    2.0    2.5    2.0\
2020  1  2   2 12.00  470.0   80.0  255.0  1.896E+06  4.509E+03  7.617E+01 8.983E-17  639.6   640  5.725E+06  1.324E-02  3.366E+05  2.625E+04   71.8   71.5    2.1    4.0    3.0    2.0    2.0    2.5    2.0\
2020  1  2   2 12.00  475.0   80.0  255.0  1.668E+06  3.603E+03  5.894E+01 8.247E-17  639.6   640  5.544E+06  9.612E-03  3.339E+05  2.347E+04   71.8   71.5    2.1    4.0    3.0    2.0    2.0    2.5    2.0\
2020  1  2   2 12.00  480.0   80.0  255.0  1.467E+06  2.879E+03  4.563E+01 7.589E-17  639.6   640  5.370E+06  6.982E-03  3.312E+05  2.098E+04   71.8   71.5    2.1    4.0    3.0    2.0    2.0    2.5    2.0\
2020  1  2   2 12.00  485.0   80.0  255.0  1.291E+06  2.302E+03  3.534E+01 7.001E-17  639.6   640  5.201E+06  5.075E-03  3.286E+05  1.876E+04   71.8   71.5    2.1    4.0    3.0    2.0    2.0    2.5    2.0\
2020  1  2   2 12.00  490.0   80.0  255.0  1.137E+06  1.841E+03  2.738E+01 6.474E-17  639.6   640  5.038E+06  3.690E-03  3.260E+05  1.677E+04   71.8   71.5    2.1    4.0    3.0    2.0    2.0    2.5    2.0\
2020  1  2   2 12.00  495.0   80.0  255.0  1.001E+06  1.473E+03  2.122E+01 6.002E-17  639.6   640  4.880E+06  2.684E-03  3.234E+05  1.500E+04   71.8   71.5    2.1    4.0    3.0    2.0    2.0    2.5    2.0\
2020  1  2   2 12.00  500.0   80.0  255.0  8.811E+05  1.179E+03  1.645E+01 5.577E-17  639.6   640  4.727E+06  1.954E-03  3.208E+05  1.342E+04   71.8   71.5    2.1    4.0    3.0    2.0    2.0    2.5    2.0\
2020  1  2   2 12.00  505.0   80.0  255.0  7.759E+05  9.436E+02  1.276E+01 5.195E-17  639.6   640  4.579E+06  1.423E-03  3.183E+05  1.201E+04   71.8   71.5    2.1    4.0    3.0    2.0    2.0    2.5    2.0\
2020  1  2   2 12.00  510.0   80.0  255.0  6.835E+05  7.556E+02  9.899E+00 4.850E-17  639.6   640  4.436E+06  1.036E-03  3.158E+05  1.075E+04   71.8   71.5    2.1    4.0    3.0    2.0    2.0    2.5    2.0\
2020  1  2   2 12.00  515.0   80.0  255.0  6.021E+05  6.053E+02  7.684E+00 4.539E-17  639.6   640  4.298E+06  7.553E-04  3.133E+05  9.618E+03   71.8   71.5    2.1    4.0    3.0    2.0    2.0    2.5    2.0\
2020  1  2   2 12.00  520.0   80.0  255.0  5.306E+05  4.850E+02  5.966E+00 4.256E-17  639.6   640  4.164E+06  5.507E-04  3.108E+05  8.610E+03   71.8   71.5    2.1    4.0    3.0    2.0    2.0    2.5    2.0\
2020  1  2   2 12.00  525.0   80.0  255.0  4.676E+05  3.888E+02  4.634E+00 4.000E-17  639.6   640  4.035E+06  4.017E-04  3.084E+05  7.708E+03   71.8   71.5    2.1    4.0    3.0    2.0    2.0    2.5    2.0\
2020  1  2   2 12.00  530.0   80.0  255.0  4.122E+05  3.117E+02  3.601E+00 3.767E-17  639.6   640  3.909E+06  2.932E-04  3.059E+05  6.903E+03   71.8   71.5    2.1    4.0    3.0    2.0    2.0    2.5    2.0\
2020  1  2   2 12.00  535.0   80.0  255.0  3.634E+05  2.500E+02  2.799E+00 3.555E-17  639.6   640  3.788E+06  2.141E-04  3.035E+05  6.182E+03   71.8   71.5    2.1    4.0    3.0    2.0    2.0    2.5    2.0\
2020  1  2   2 12.00  540.0   80.0  255.0  3.205E+05  2.006E+02  2.176E+00 3.361E-17  639.6   640  3.671E+06  1.564E-04  3.012E+05  5.537E+03   71.8   71.5    2.1    4.0    3.0    2.0    2.0    2.5    2.0\
2020  1  2   2 12.00  545.0   80.0  255.0  2.826E+05  1.610E+02  1.693E+00 3.183E-17  639.6   640  3.557E+06  1.143E-04  2.988E+05  4.961E+03   71.8   71.5    2.1    4.0    3.0    2.0    2.0    2.5    2.0\
2020  1  2   2 12.00  550.0   80.0  255.0  2.493E+05  1.293E+02  1.317E+00 3.020E-17  639.6   640  3.448E+06  8.356E-05  2.965E+05  4.445E+03   71.8   71.5    2.1    4.0    3.0    2.0    2.0    2.5    2.0\
2020  1  2   2 12.00  555.0   80.0  255.0  2.200E+05  1.038E+02  1.025E+00 2.870E-17  639.6   640  3.341E+06  6.112E-05  2.942E+05  3.983E+03   71.8   71.5    2.1    4.0    3.0    2.0    2.0    2.5    2.0\
2020  1  2   2 12.00  560.0   80.0  255.0  1.941E+05  8.340E+01  7.985E-01 2.731E-17  639.6   640  3.238E+06  4.473E-05  2.919E+05  3.570E+03   71.8   71.5    2.1    4.0    3.0    2.0    2.0    2.5    2.0\
2020  1  2   2 12.00  565.0   80.0  255.0  1.713E+05  6.702E+01  6.221E-01 2.603E-17  639.6   640  3.139E+06  3.275E-05  2.896E+05  3.201E+03   71.8   71.5    2.1    4.0    3.0    2.0    2.0    2.5    2.0\
2020  1  2   2 12.00  570.0   80.0  255.0  1.512E+05  5.388E+01  4.848E-01 2.484E-17  639.6   640  3.043E+06  2.399E-05  2.874E+05  2.870E+03   71.8   71.5    2.1    4.0    3.0    2.0    2.0    2.5    2.0\
2020  1  2   2 12.00  575.0   80.0  255.0  1.335E+05  4.332E+01  3.779E-01 2.374E-17  639.6   640  2.949E+06  1.758E-05  2.851E+05  2.573E+03   71.8   71.5    2.1    4.0    3.0    2.0    2.0    2.5    2.0\
2020  1  2   2 12.00  580.0   80.0  255.0  1.179E+05  3.485E+01  2.947E-01 2.272E-17  639.6   640  2.859E+06  1.289E-05  2.829E+05  2.308E+03   71.8   71.5    2.1    4.0    3.0    2.0    2.0    2.5    2.0\
2020  1  2   2 12.00  585.0   80.0  255.0  1.042E+05  2.804E+01  2.299E-01 2.176E-17  639.6   640  2.772E+06  9.451E-06  2.807E+05  2.070E+03   71.8   71.5    2.1    4.0    3.0    2.0    2.0    2.5    2.0\
2020  1  2   2 12.00  590.0   80.0  255.0  9.201E+04  2.257E+01  1.794E-01 2.087E-17  639.6   640  2.687E+06  6.935E-06  2.786E+05  1.857E+03   71.8   71.5    2.1    4.0    3.0    2.0    2.0    2.5    2.0\
2020  1  2   2 12.00  595.0   80.0  255.0  8.130E+04  1.817E+01  1.401E-01 2.003E-17  639.6   640  2.605E+06  5.091E-06  2.764E+05  1.666E+03   71.8   71.5    2.1    4.0    3.0    2.0    2.0    2.5    2.0\
2020  1  2   2 12.00  600.0   80.0  255.0  7.184E+04  1.463E+01  1.094E-01 1.924E-17  639.6   640  2.526E+06  3.739E-06  2.743E+05  1.495E+03   71.8   71.5    2.1    4.0    3.0    2.0    2.0    2.5    2.0\
2020  1  2   2 12.00  605.0   80.0  255.0  6.350E+04  1.179E+01  8.545E-02 1.851E-17  639.6   640  2.449E+06  2.747E-06  2.722E+05  1.342E+03   71.8   71.5    2.1    4.0    3.0    2.0    2.0    2.5    2.0\
2020  1  2   2 12.00  610.0   80.0  255.0  5.614E+04  9.500E+00  6.678E-02 1.781E-17  639.6   640  2.375E+06  2.019E-06  2.701E+05  1.205E+03   71.8   71.5    2.1    4.0    3.0    2.0    2.0    2.5    2.0\
2020  1  2   2 12.00  615.0   80.0  255.0  4.963E+04  7.658E+00  5.220E-02 1.715E-17  639.6   640  2.303E+06  1.485E-06  2.680E+05  1.082E+03   71.8   71.5    2.1    4.0    3.0    2.0    2.0    2.5    2.0\
2020  1  2   2 12.00  620.0   80.0  255.0  4.389E+04  6.175E+00  4.083E-02 1.653E-17  639.6   640  2.233E+06  1.093E-06  2.660E+05  9.715E+02   71.8   71.5    2.1    4.0    3.0    2.0    2.0    2.5    2.0\
2020  1  2   2 12.00  625.0   80.0  255.0  3.882E+04  4.981E+00  3.194E-02 1.594E-17  639.6   640  2.166E+06  8.041E-07  2.639E+05  8.725E+02   71.8   71.5    2.1    4.0    3.0    2.0    2.0    2.5    2.0\
2020  1  2   2 12.00  630.0   80.0  255.0  3.434E+04  4.019E+00  2.500E-02 1.538E-17  639.6   640  2.100E+06  5.921E-07  2.619E+05  7.837E+02   71.8   71.5    2.1    4.0    3.0    2.0    2.0    2.5    2.0\
2020  1  2   2 12.00  635.0   80.0  255.0  3.039E+04  3.244E+00  1.957E-02 1.485E-17  639.6   640  2.037E+06  4.362E-07  2.599E+05  7.041E+02   71.8   71.5    2.1    4.0    3.0    2.0    2.0    2.5    2.0\
2020  1  2   2 12.00  640.0   80.0  255.0  2.689E+04  2.619E+00  1.533E-02 1.434E-17  639.6   640  1.976E+06  3.215E-07  2.580E+05  6.327E+02   71.8   71.5    2.1    4.0    3.0    2.0    2.0    2.5    2.0\
2020  1  2   2 12.00  645.0   80.0  255.0  2.380E+04  2.115E+00  1.201E-02 1.386E-17  639.6   640  1.916E+06  2.370E-07  2.560E+05  5.686E+02   71.8   71.5    2.1    4.0    3.0    2.0    2.0    2.5    2.0\
2020  1  2   2 12.00  650.0   80.0  255.0  2.107E+04  1.709E+00  9.409E-03 1.340E-17  639.6   640  1.859E+06  1.749E-07  2.541E+05  5.110E+02   71.8   71.5    2.1    4.0    3.0    2.0    2.0    2.5    2.0\
2020  1  2   2 12.00  655.0   80.0  255.0  1.866E+04  1.381E+00  7.376E-03 1.296E-17  639.6   640  1.803E+06  1.290E-07  2.521E+05  4.594E+02   71.8   71.5    2.1    4.0    3.0    2.0    2.0    2.5    2.0\
2020  1  2   2 12.00  660.0   80.0  255.0  1.652E+04  1.116E+00  5.785E-03 1.254E-17  639.6   640  1.749E+06  9.527E-08  2.502E+05  4.130E+02   71.8   71.5    2.1    4.0    3.0    2.0    2.0    2.5    2.0\
2020  1  2   2 12.00  665.0   80.0  255.0  1.463E+04  9.024E-01  4.538E-03 1.214E-17  639.6   640  1.697E+06  7.036E-08  2.483E+05  3.714E+02   71.8   71.5    2.1    4.0    3.0    2.0    2.0    2.5    2.0\
2020  1  2   2 12.00  670.0   80.0  255.0  1.296E+04  7.299E-01  3.561E-03 1.175E-17  639.6   640  1.646E+06  5.199E-08  2.465E+05  3.340E+02   71.8   71.5    2.1    4.0    3.0    2.0    2.0    2.5    2.0\
2020  1  2   2 12.00  675.0   80.0  255.0  1.149E+04  5.906E-01  2.796E-03 1.138E-17  639.6   640  1.597E+06  3.844E-08  2.446E+05  3.004E+02   71.8   71.5    2.1    4.0    3.0    2.0    2.0    2.5    2.0\
2020  1  2   2 12.00  680.0   80.0  255.0  1.018E+04  4.779E-01  2.196E-03 1.103E-17  639.6   640  1.550E+06  2.843E-08  2.428E+05  2.703E+02   71.8   71.5    2.1    4.0    3.0    2.0    2.0    2.5    2.0\
2020  1  2   2 12.00  685.0   80.0  255.0  9.022E+03  3.869E-01  1.725E-03 1.069E-17  639.6   640  1.504E+06  2.103E-08  2.409E+05  2.432E+02   71.8   71.5    2.1    4.0    3.0    2.0    2.0    2.5    2.0\
2020  1  2   2 12.00  690.0   80.0  255.0  7.998E+03  3.133E-01  1.355E-03 1.036E-17  639.6   640  1.459E+06  1.557E-08  2.391E+05  2.188E+02   71.8   71.5    2.1    4.0    3.0    2.0    2.0    2.5    2.0\
2020  1  2   2 12.00  695.0   80.0  255.0  7.091E+03  2.538E-01  1.066E-03 1.004E-17  639.6   640  1.416E+06  1.153E-08  2.373E+05  1.970E+02   71.8   71.5    2.1    4.0    3.0    2.0    2.0    2.5    2.0\
2020  1  2   2 12.00  700.0   80.0  255.0  6.288E+03  2.057E-01  8.380E-04 9.740E-18  639.6   640  1.374E+06  8.540E-09  2.356E+05  1.773E+02   71.8   71.5    2.1    4.0    3.0    2.0    2.0    2.5    2.0\
2020  1  2   2 12.00  705.0   80.0  255.0  5.577E+03  1.667E-01  6.592E-04 9.447E-18  639.6   640  1.333E+06  6.329E-09  2.338E+05  1.596E+02   71.8   71.5    2.1    4.0    3.0    2.0    2.0    2.5    2.0\
2020  1  2   2 12.00  710.0   80.0  255.0  4.948E+03  1.351E-01  5.187E-04 9.165E-18  639.6   640  1.294E+06  4.693E-09  2.321E+05  1.437E+02   71.8   71.5    2.1    4.0    3.0    2.0    2.0    2.5    2.0\
2020  1  2   2 12.00  715.0   80.0  255.0  4.390E+03  1.096E-01  4.083E-04 8.893E-18  639.6   640  1.256E+06  3.481E-09  2.303E+05  1.294E+02   71.8   71.5    2.1    4.0    3.0    2.0    2.0    2.5    2.0\
2020  1  2   2 12.00  720.0   80.0  255.0  3.895E+03  8.891E-02  3.215E-04 8.630E-18  639.6   640  1.219E+06  2.583E-09  2.286E+05  1.166E+02   71.8   71.5    2.1    4.0    3.0    2.0    2.0    2.5    2.0\
2020  1  2   2 12.00  725.0   80.0  255.0  3.457E+03  7.215E-02  2.533E-04 8.377E-18  639.6   640  1.183E+06  1.918E-09  2.269E+05  1.050E+02   71.8   71.5    2.1    4.0    3.0    2.0    2.0    2.5    2.0\
2020  1  2   2 12.00  730.0   80.0  255.0  3.069E+03  5.857E-02  1.996E-04 8.132E-18  639.6   640  1.148E+06  1.424E-09  2.252E+05  9.461E+01   71.8   71.5    2.1    4.0    3.0    2.0    2.0    2.5    2.0\
2020  1  2   2 12.00  735.0   80.0  255.0  2.725E+03  4.755E-02  1.573E-04 7.896E-18  639.6   640  1.115E+06  1.058E-09  2.236E+05  8.525E+01   71.8   71.5    2.1    4.0    3.0    2.0    2.0    2.5    2.0\
2020  1  2   2 12.00  740.0   80.0  255.0  2.419E+03  3.862E-02  1.241E-04 7.667E-18  639.6   640  1.082E+06  7.865E-10  2.219E+05  7.683E+01   71.8   71.5    2.1    4.0    3.0    2.0    2.0    2.5    2.0\
2020  1  2   2 12.00  745.0   80.0  255.0  2.149E+03  3.138E-02  9.785E-05 7.446E-18  639.6   640  1.050E+06  5.849E-10  2.203E+05  6.925E+01   71.8   71.5    2.1    4.0    3.0    2.0    2.0    2.5    2.0}