2020  1  2   2 12.00    0.0    0.0  255.0  9.999E-38  1.898E+19  5.090E+18 1.168E-03  298.8   800  1.264E+14  2.268E+17  9.999E-38  9.999E-38   71.8   71.5    2.1    4.0    3.0    2.0    2.0    2.5    2.0
2020  1  2   2 12.00    5.0    0.0  255.0  9.999E-38  1.143E+19  3.066E+18 7.039E-04  273.3   800  7.614E+13  1.366E+17  9.999E-38  9.999E-38   71.8   71.5    2.1    4.0    3.0    2.0    2.0    2.5    2.0
2020  1  2   2 12.00   10.0    0.0  255.0  9.999E-38  6.709E+18  1.799E+18 4.130E-04  241.6   800  4.468E+13  8.018E+16  9.999E-38  9.999E-38   71.8   71.5    2.1    4.0    3.0    2.0    2.0    2.5    2.0
2020  1  2   2 12.00   15.0    0.0  255.0  9.999E-38  3.715E+18  9.961E+17 2.287E-04  200.5   800  2.474E+13  4.439E+16  9.999E-38  9.999E-38   71.8   71.5    2.1    4.0    3.0    2.0    2.0    2.5    2.0
2020  1  2   2 12.00   20.0    0.0  255.0  9.999E-38  1.579E+18  4.235E+17 9.722E-05  199.7   800  1.052E+13  1.887E+16  9.999E-38  9.999E-38   71.8   71.5    2.1    4.0    3.0    2.0    2.0    2.5    2.0
2020  1  2   2 12.00   25.0    0.0  255.0  9.999E-38  6.424E+17  1.723E+17 3.955E-05  218.2   800  4.278E+12  7.678E+15  9.999E-38  9.999E-38   71.8   71.5    2.1    4.0    3.0    2.0    2.0    2.5    2.0
2020  1  2   2 12.00   30.0    0.0  255.0  9.999E-38  2.902E+17  7.781E+16 1.786E-05  226.5   800  1.932E+12  3.468E+15  9.999E-38  9.999E-38   71.8   71.5    2.1    4.0    3.0    2.0    2.0    2.5    2.0
2020  1  2   2 12.00   35.0    0.0  255.0  9.999E-38  1.335E+17  3.580E+16 8.219E-06  237.7   800  8.891E+11  1.596E+15  9.999E-38  9.999E-38   71.8   71.5    2.1    4.0    3.0    2.0    2.0    2.5    2.0
2020  1  2   2 12.00   40.0    0.0  255.0  9.999E-38  6.370E+16  1.708E+16 3.921E-06  249.6   800  4.242E+11  7.613E+14  9.999E-38  9.999E-38   71.8   71.5    2.1    4.0    3.0    2.0    2.0    2.5    2.0
2020  1  2   2 12.00   45.0    0.0  255.0  9.999E-38  3.143E+16  8.428E+15 1.935E-06  262.5   800  2.093E+11  3.756E+14  9.999E-38  9.999E-38   71.8   71.5    2.1    4.0    3.0    2.0    2.0    2.5    2.0
2020  1  2   2 12.00   50.0    0.0  255.0  9.999E-38  1.659E+16  4.449E+15 1.021E-06  263.5   800  1.105E+11  1.983E+14  9.999E-38  9.999E-38   71.8   71.5    2.1    4.0    3.0    2.0    2.0    2.5    2.0
2020  1  2   2 12.00   55.0    0.0  255.0  6.432E+09  9.013E+15  2.417E+15 5.548E-07  254.1   800  6.002E+10  1.077E+14  9.999E-38  9.999E-38   71.8   71.5    2.1    4.0    3.0    2.0    2.0    2.5    2.0
2020  1  2   2 12.00   60.0    0.0  255.0  7.375E+09  4.826E+15  1.294E+15 2.971E-07  241.6   800  3.214E+10  5.768E+13  9.999E-38  9.999E-38   71.8   71.5    2.1    4.0    3.0    2.0    2.0    2.5    2.0
2020  1  2   2 12.00   65.0    0.0  255.0  6.710E+09  2.511E+15  6.733E+14 1.546E-07  228.0   800  1.672E+10  3.001E+13  9.999E-38  9.999E-38   71.8   71.5    2.1    4.0    3.0    2.0    2.0    2.5    2.0
2020  1  2   2 12.00   70.0    0.0  255.0  6.389E+09  1.254E+15  3.362E+14 7.718E-08  214.6   800  8.349E+09  1.498E+13  9.999E-38  9.999E-38   71.8   71.5    2.1    4.0    3.0    2.0    2.0    2.5    2.0
2020  1  2   2 12.00   75.0    0.0  255.0  7.194E+09  5.852E+14  1.569E+14 3.602E-08  209.3   800  3.897E+09  6.994E+12  9.999E-38  9.999E-38   71.8   71.5    2.1    4.0    3.0    2.0    2.0    2.5    2.0
2020  1  2   2 12.00   80.0    0.0  255.0  2.687E+10  2.745E+14  7.362E+13 1.690E-08  197.4   800  1.851E+09  3.281E+12  2.194E+08  9.999E-38   71.8   71.5    2.1    4.0    3.0    2.0    2.0    2.5    2.0
2020  1  2   2 12.00   85.0    0.0  255.0  5.078E+10  1.198E+14  3.211E+13 7.373E-09  191.9   800  8.531E+08  1.431E+12  1.761E+08  9.999E-38   71.8   71.5    2.1    4.0    3.0    2.0    2.0    2.5    2.0
2020  1  2   2 12.00   90.0    0.0  255.0  2.533E+11  5.029E+13  1.343E+13 3.099E-09  193.3   800  4.044E+08  5.951E+11  9.652E+07  9.999E-38   71.8   71.5    2.1    4.0    3.0    2.0    2.0    2.5    2.0
2020  1  2   2 12.00   95.0    0.0  255.0  5.691E+11  2.181E+13  5.726E+12 1.350E-09  189.5   800  2.249E+08  2.488E+11  5.750E+07  9.721E+04   71.8   71.5    2.1    4.0    3.0    2.0    2.0    2.5    2.0
2020  1  2   2 12.00  100.0    0.0  255.0  5.341E+11  9.527E+12  2.387E+12 5.907E-10  179.2   800  1.453E+08  9.838E+10  3.731E+07  1.999E+05   71.8   71.5    2.1    4.0    3.0    2.0    2.0    2.5    2.0
2020  1  2   2 12.00  105.0    0.0  255.0  2.827E+11  3.791E+12  8.776E+11 2.327E-10  181.9   800  9.953E+07  3.268E+10  2.386E+07  3.582E+05   71.8   71.5    2.1    4.0    3.0    2.0    2.0    2.5    2.0
2020  1  2   2 12.00  110.0    0.0  255.0  1.525E+11  1.407E+12  2.957E+11 8.586E-11  214.6   800  6.791E+07  9.797E+09  1.447E+07  5.673E+05   71.8   71.5    2.1    4.0    3.0    2.0    2.0    2.5    2.0
2020  1  2   2 12.00  115.0    0.0  255.0  8.719E+10  5.619E+11  1.071E+11 3.436E-11  277.2   800  4.586E+07  3.192E+09  8.493E+06  8.634E+05   71.8   71.5    2.1    4.0    3.0    2.0    2.0    2.5    2.0
2020  1  2   2 12.00  120.0    0.0  255.0  5.552E+10  2.682E+11  4.665E+10 1.652E-11  347.6   800  3.360E+07  1.268E+09  5.399E+06  1.364E+06   71.8   71.5    2.1    4.0    3.0    2.0    2.0    2.5    2.0
2020  1  2   2 12.00  125.0    0.0  255.0  3.908E+10  1.496E+11  2.390E+10 9.307E-12  409.2   800  2.668E+07  5.974E+08  3.779E+06  2.197E+06   71.8   71.5    2.1    4.0    3.0    2.0    2.0    2.5    2.0
2020  1  2   2 12.00  130.0    0.0  255.0  2.912E+10  9.211E+10  1.361E+10 5.803E-12  461.6   800  2.230E+07  3.153E+08  2.809E+06  3.443E+06   71.8   71.5    2.1    4.0    3.0    2.0    2.0    2.5    2.0
2020  1  2   2 12.00  135.0    0.0  255.0  2.248E+10  6.048E+10  8.315E+09 3.865E-12  506.8   800  1.926E+07  1.795E+08  2.175E+06  5.161E+06   71.8   71.5    2.1    4.0    3.0    2.0    2.0    2.5    2.0
2020  1  2   2 12.00  140.0    0.0  255.0  1.784E+10  4.159E+10  5.342E+09 2.700E-12  545.9   800  1.702E+07  1.078E+08  1.737E+06  7.391E+06   71.8   71.5    2.1    4.0    3.0    2.0    2.0    2.5    2.0
2020  1  2   2 12.00  145.0    0.0  255.0  1.448E+10  2.959E+10  3.568E+09 1.956E-12  579.8   800  1.531E+07  6.743E+07  1.422E+06  1.013E+07   71.8   71.5    2.1    4.0    3.0    2.0    2.0    2.5    2.0
2020  1  2   2 12.00  150.0    0.0  255.0  1.193E+10  2.162E+10  2.458E+09 1.457E-12  609.1   800  1.396E+07  4.361E+07  1.188E+06  1.327E+07   71.8   71.5    2.1    4.0    3.0    2.0    2.0    2.5    2.0
2020  1  2   2 12.00  155.0    0.0  255.0  9.964E+09  1.612E+10  1.734E+09 1.109E-12  634.5   800  1.287E+07  2.897E+07  1.011E+06  1.662E+07   71.8   71.5    2.1    4.0    3.0    2.0    2.0    2.5    2.0
2020  1  2   2 12.00  160.0    0.0  255.0  8.407E+09  1.222E+10  1.249E+09 8.601E-13  656.4   800  1.196E+07  1.966E+07  8.740E+05  1.996E+07   71.8   71.5    2.1    4.0    3.0    2.0    2.0    2.5    2.0
2020  1  2   2 12.00  165.0    0.0  255.0  7.156E+09  9.389E+09  9.141E+08 6.770E-13  675.4   800  1.119E+07  1.358E+07  7.670E+05  2.304E+07   71.8   71.5    2.1    4.0    3.0    2.0    2.0    2.5    2.0
2020  1  2   2 12.00  170.0    0.0  255.0  6.137E+09  7.292E+09  6.785E+08 5.396E-13  691.9   800  1.054E+07  9.516E+06  6.826E+05  2.562E+07   71.8   71.5    2.1    4.0    3.0    2.0    2.0    2.5    2.0
2020  1  2   2 12.00  175.0    0.0  255.0  5.297E+09  5.715E+09  5.096E+08 4.348E-13  706.2   800  9.966E+06  6.750E+06  6.153E+05  2.755E+07   71.8   71.5    2.1    4.0    3.0    2.0    2.0    2.5    2.0
2020  1  2   2 12.00  180.0    0.0  255.0  4.596E+09  4.513E+09  3.866E+08 3.536E-13  718.5   800  9.466E+06  4.837E+06  5.613E+05  2.876E+07   71.8   71.5    2.1    4.0    3.0    2.0    2.0    2.5    2.0
2020  1  2   2 12.00  185.0    0.0  255.0  4.006E+09  3.586E+09  2.957E+08 2.899E-13  729.2   800  9.022E+06  3.497E+06  5.177E+05  2.927E+07   71.8   71.5    2.1    4.0    3.0    2.0    2.0    2.5    2.0
2020  1  2   2 12.00  190.0    0.0  255.0  3.506E+09  2.865E+09  2.279E+08 2.394E-13  738.5   800  8.624E+06  2.546E+06  4.823E+05  2.915E+07   71.8   71.5    2.1    4.0    3.0    2.0    2.0    2.5    2.0
2020  1  2   2 12.00  195.0    0.0  255.0  3.078E+09  2.300E+09  1.766E+08 1.990E-13  746.6   800  8.264E+06  1.866E+06  4.533E+05  2.849E+07   71.8   71.5    2.1    4.0    3.0    2.0    2.0    2.5    2.0
2020  1  2   2 12.00  200.0    0.0  255.0  2.710E+09  1.853E+09  1.377E+08 1.663E-13  753.6   800  7.937E+06  1.374E+06  4.293E+05  2.744E+07   71.8   71.5    2.1    4.0    3.0    2.0    2.0    2.5    2.0
2020  1  2   2 12.00  205.0    0.0  255.0  2.392E+09  1.499E+09  1.078E+08 1.397E-13  759.6   800  7.636E+06  1.017E+06  4.095E+05  2.610E+07   71.8   71.5    2.1    4.0    3.0    2.0    2.0    2.5    2.0
2020  1  2   2 12.00  210.0    0.0  255.0  2.116E+09  1.215E+09  8.469E+07 1.179E-13  764.9   800  7.359E+06  7.558E+05  3.929E+05  2.458E+07   71.8   71.5    2.1    4.0    3.0    2.0    2.0    2.5    2.0
2020  1  2   2 12.00  215.0    0.0  255.0  1.876E+09  9.881E+08  6.677E+07 9.996E-14  769.4   800  7.101E+06  5.636E+05  3.790E+05  2.297E+07   71.8   71.5    2.1    4.0    3.0    2.0    2.0    2.5    2.0
2020  1  2   2 12.00  220.0    0.0  255.0  1.665E+09  8.051E+08  5.280E+07 8.506E-14  773.4   800  6.860E+06  4.215E+05  3.672E+05  2.132E+07   71.8   71.5    2.1    4.0    3.0    2.0    2.0    2.5    2.0
2020  1  2   2 12.00  225.0    0.0  255.0  1.480E+09  6.574E+08  4.185E+07 7.265E-14  776.8   800  6.635E+06  3.161E+05  3.571E+05  1.970E+07   71.8   71.5    2.1    4.0    3.0    2.0    2.0    2.5    2.0
2020  1  2   2 12.00  230.0    0.0  255.0  1.317E+09  5.376E+08  3.324E+07 6.225E-14  779.8   800  6.422E+06  2.375E+05  3.484E+05  1.813E+07   71.8   71.5    2.1    4.0    3.0    2.0    2.0    2.5    2.0
2020  1  2   2 12.00  235.0    0.0  255.0  1.174E+09  4.404E+08  2.646E+07 5.351E-14  782.4   800  6.221E+06  1.789E+05  3.409E+05  1.664E+07   71.8   71.5    2.1    4.0    3.0    2.0    2.0    2.5    2.0
2020  1  2   2 12.00  240.0    0.0  255.0  1.047E+09  3.612E+08  2.109E+07 4.614E-14  784.7   800  6.030E+06  1.350E+05  3.344E+05  1.523E+07   71.8   71.5    2.1    4.0    3.0    2.0    2.0    2.5    2.0
2020  1  2   2 12.00  245.0    0.0  255.0  9.344E+08  2.966E+08  1.684E+07 3.989E-14  786.6   800  5.848E+06  1.020E+05  3.286E+05  1.392E+07   71.8   71.5    2.1    4.0    3.0    2.0    2.0    2.5    2.0
2020  1  2   2 12.00  250.0    0.0  255.0  8.347E+08  2.438E+08  1.346E+07 3.457E-14  788.3   800  5.674E+06  7.719E+04  3.234E+05  1.271E+07   71.8   71.5    2.1    4.0    3.0    2.0    2.0    2.5    2.0
2020  1  2   2 12.00  255.0    0.0  255.0  7.462E+08  2.006E+08  1.077E+07 3.004E-14  789.8   800  5.508E+06  5.849E+04  3.188E+05  1.159E+07   71.8   71.5    2.1    4.0    3.0    2.0    2.0    2.5    2.0
2020  1  2   2 12.00  260.0    0.0  255.0  6.674E+08  1.652E+08  8.629E+06 2.616E-14  791.1   800  5.349E+06  4.438E+04  3.147E+05  1.056E+07   71.8   71.5    2.1    4.0    3.0    2.0    2.0    2.5    2.0
2020  1  2   2 12.00  265.0    0.0  255.0  5.973E+08  1.362E+08  6.919E+06 2.283E-14  792.2   800  5.196E+06  3.370E+04  3.109E+05  9.617E+06   71.8   71.5    2.1    4.0    3.0    2.0    2.0    2.5    2.0
2020  1  2   2 12.00  270.0    0.0  255.0  5.348E+08  1.123E+08  5.553E+06 1.997E-14  793.2   800  5.049E+06  2.562E+04  3.074E+05  8.755E+06   71.8   71.5    2.1    4.0    3.0    2.0    2.0    2.5    2.0
2020  1  2   2 12.00  275.0    0.0  255.0  4.791E+08  9.272E+07  4.460E+06 1.750E-14  794.0   800  4.908E+06  1.950E+04  3.042E+05  7.969E+06   71.8   71.5    2.1    4.0    3.0    2.0    2.0    2.5    2.0
2020  1  2   2 12.00  280.0    0.0  255.0  4.293E+08  7.658E+07  3.585E+06 1.536E-14  794.8   800  4.771E+06  1.485E+04  3.011E+05  7.253E+06   71.8   71.5    2.1    4.0    3.0    2.0    2.0    2.5    2.0
2020  1  2   2 12.00  285.0    0.0  255.0  3.849E+08  6.328E+07  2.883E+06 1.351E-14  795.4   800  4.640E+06  1.132E+04  2.983E+05  6.601E+06   71.8   71.5    2.1    4.0    3.0    2.0    2.0    2.5    2.0
2020  1  2   2 12.00  290.0    0.0  255.0  3.452E+08  5.232E+07  2.320E+06 1.190E-14  796.0   800  4.512E+06  8.630E+03  2.956E+05  6.007E+06   71.8   71.5    2.1    4.0    3.0    2.0    2.0    2.5    2.0
2020  1  2   2 12.00  295.0    0.0  255.0  3.096E+08  4.328E+07  1.868E+06 1.050E-14  796.5   800  4.389E+06  6.586E+03  2.931E+05  5.468E+06   71.8   71.5    2.1    4.0    3.0    2.0    2.0    2.5    2.0
2020  1  2   2 12.00  300.0    0.0  255.0  2.779E+08  3.582E+07  1.505E+06 9.274E-15  796.9   800  4.270E+06  5.030E+03  2.906E+05  4.977E+06   71.8   71.5    2.1    4.0    3.0    2.0    2.0    2.5    2.0
2020  1  2   2 12.00  305.0    0.0  255.0  2.494E+08  2.966E+07  1.213E+06 8.205E-15  797.3   800  4.155E+06  3.844E+03  2.883E+05  4.530E+06   71.8   71.5    2.1    4.0    3.0    2.0    2.0    2.5    2.0
2020  1  2   2 12.00  310.0    0.0  255.0  2.240E+08  2.457E+07  9.786E+05 7.268E-15  797.6   800  4.043E+06  2.939E+03  2.860E+05  4.124E+06   71.8   71.5    2.1    4.0    3.0    2.0    2.0    2.5    2.0
2020  1  2   2 12.00  315.0    0.0  255.0  2.011E+08  2.036E+07  7.895E+05 6.447E-15  797.9   800  3.935E+06  2.248E+03  2.839E+05  3.755E+06   71.8   71.5    2.1    4.0    3.0    2.0    2.0    2.5    2.0
2020  1  2   2 12.00  320.0    0.0  255.0  1.807E+08  1.688E+07  6.373E+05 5.725E-15  798.1   800  3.830E+06  1.721E+03  2.817E+05  3.420E+06   71.8   71.5    2.1    4.0    3.0    2.0    2.0    2.5    2.0
2020  1  2   2 12.00  325.0    0.0  255.0  1.623E+08  1.400E+07  5.147E+05 5.089E-15  798.3   800  3.728E+06  1.318E+03  2.797E+05  3.114E+06   71.8   71.5    2.1    4.0    3.0    2.0    2.0    2.5    2.0
2020  1  2   2 12.00  330.0    0.0  255.0  1.459E+08  1.161E+07  4.158E+05 4.529E-15  798.5   800  3.629E+06  1.010E+03  2.776E+05  2.837E+06   71.8   71.5    2.1    4.0    3.0    2.0    2.0    2.5    2.0
2020  1  2   2 12.00  335.0    0.0  255.0  1.312E+08  9.638E+06  3.360E+05 4.035E-15  798.7   800  3.533E+06  7.742E+02  2.757E+05  2.585E+06   71.8   71.5    2.1    4.0    3.0    2.0    2.0    2.5    2.0
2020  1  2   2 12.00  340.0    0.0  255.0  1.179E+08  8.001E+06  2.717E+05 3.598E-15  798.8   800  3.440E+06  5.937E+02  2.737E+05  2.355E+06   71.8   71.5    2.1    4.0    3.0    2.0    2.0    2.5    2.0
2020  1  2   2 12.00  345.0    0.0  255.0  1.060E+08  6.645E+06  2.197E+05 3.211E-15  798.9   800  3.349E+06  4.556E+02  2.718E+05  2.146E+06   71.8   71.5    2.1    4.0    3.0    2.0    2.0    2.5    2.0
2020  1  2   2 12.00  350.0    0.0  255.0  9.538E+07  5.520E+06  1.778E+05 2.868E-15  799.0   800  3.261E+06  3.497E+02  2.699E+05  1.956E+06   71.8   71.5    2.1    4.0    3.0    2.0    2.0    2.5    2.0
2020  1  2   2 12.00  355.0    0.0  255.0  8.580E+07  4.587E+06  1.439E+05 2.564E-15  799.1   800  3.176E+06  2.686E+02  2.681E+05  1.783E+06   71.8   71.5    2.1    4.0    3.0    2.0    2.0    2.5    2.0
2020  1  2   2 12.00  360.0    0.0  255.0  7.720E+07  3.813E+06  1.165E+05 2.294E-15  799.2   800  3.093E+06  2.064E+02  2.663E+05  1.626E+06   71.8   71.5    2.1    4.0    3.0    2.0    2.0    2.5    2.0
2020  1  2   2 12.00  365.0    0.0  255.0  6.948E+07  3.170E+06  9.438E+04 2.053E-15  799.3   800  3.012E+06  1.586E+02  2.645E+05  1.482E+06   71.8   71.5    2.1    4.0    3.0    2.0    2.0    2.5    2.0
2020  1  2   2 12.00  370.0    0.0  255.0  6.254E+07  2.637E+06  7.647E+04 1.840E-15  799.3   800  2.934E+06  1.220E+02  2.627E+05  1.352E+06   71.8   71.5    2.1    4.0    3.0    2.0    2.0    2.5    2.0
2020  1  2   2 12.00  375.0    0.0  255.0  5.630E+07  2.194E+06  6.198E+04 1.649E-15  799.4   800  2.857E+06  9.386E+01  2.609E+05  1.233E+06   71.8   71.5    2.1    4.0    3.0    2.0    2.0    2.5    2.0
2020  1  2   2 12.00  380.0    0.0  255.0  5.070E+07  1.826E+06  5.026E+04 1.480E-15  799.4   800  2.783E+06  7.224E+01  2.592E+05  1.125E+06   71.8   71.5    2.1    4.0    3.0    2.0    2.0    2.5    2.0
2020  1  2   2 12.00  385.0    0.0  255.0  4.565E+07  1.520E+06  4.076E+04 1.328E-15  799.5   800  2.711E+06  5.562E+01  2.575E+05  1.026E+06   71.8   71.5    2.1    4.0    3.0    2.0    2.0    2.5    2.0
2020  1  2   2 12.00  390.0    0.0  255.0  4.112E+07  1.266E+06  3.307E+04 1.193E-15  799.5   800  2.641E+06  4.284E+01  2.558E+05  9.367E+05   71.8   71.5    2.1    4.0    3.0    2.0    2.0    2.5    2.0
2020  1  2   2 12.00  395.0    0.0  255.0  3.705E+07  1.054E+06  2.684E+04 1.072E-15  799.6   800  2.573E+06  3.301E+01  2.541E+05  8.549E+05   71.8   71.5    2.1    4.0    3.0    2.0    2.0    2.5    2.0
2020  1  2   2 12.00  400.0    0.0  255.0  3.338E+07  8.786E+05  2.179E+04 9.641E-16  799.6   800  2.507E+06  2.545E+01  2.524E+05  7.804E+05   71.8   71.5    2.1    4.0    3.0    2.0    2.0    2.5    2.0
2020  1  2   2 12.00  405.0    0.0  255.0  3.008E+07  7.323E+05  1.770E+04 8.674E-16  799.6   800  2.442E+06  1.963E+01  2.508E+05  7.124E+05   71.8   71.5    2.1    4.0    3.0    2.0    2.0    2.5    2.0
2020  1  2   2 12.00  410.0    0.0  255.0  2.711E+07  6.105E+05  1.438E+04 7.808E-16  799.6   800  2.380E+06  1.514E+01  2.492E+05  6.505E+05   71.8   71.5    2.1    4.0    3.0    2.0    2.0    2.5    2.0
2020  1  2   2 12.00  415.0    0.0  255.0  2.444E+07  5.091E+05  1.168E+04 7.033E-16  799.7   800  2.319E+06  1.169E+01  2.475E+05  5.940E+05   71.8   71.5    2.1    4.0    3.0    2.0    2.0    2.5    2.0
2020  1  2   2 12.00  420.0    0.0  255.0  2.203E+07  4.246E+05  9.497E+03 6.337E-16  799.7   800  2.259E+06  9.025E+00  2.459E+05  5.425E+05   71.8   71.5    2.1    4.0    3.0    2.0    2.0    2.5    2.0
2020  1  2   2 12.00  425.0    0.0  255.0  1.987E+07  3.543E+05  7.723E+03 5.714E-16  799.7   800  2.202E+06  6.971E+00  2.443E+05  4.955E+05   71.8   71.5    2.1    4.0    3.0    2.0    2.0    2.5    2.0
2020  1  2   2 12.00  430.0    0.0  255.0  1.792E+07  2.957E+05  6.282E+03 5.154E-16  799.7   800  2.146E+06  5.387E+00  2.428E+05  4.527E+05   71.8   71.5    2.1    4.0    3.0    2.0    2.0    2.5    2.0
2020  1  2   2 12.00  435.0    0.0  255.0  1.616E+07  2.469E+05  5.111E+03 4.652E-16  799.7   800  2.091E+06  4.164E+00  2.412E+05  4.136E+05   71.8   71.5    2.1    4.0    3.0    2.0    2.0    2.5    2.0
2020  1  2   2 12.00  440.0    0.0  255.0  1.458E+07  2.061E+05  4.160E+03 4.200E-16  799.7   800  2.038E+06  3.220E+00  2.397E+05  3.780E+05   71.8   71.5    2.1    4.0    3.0    2.0    2.0    2.5    2.0
2020  1  2   2 12.00  445.0    0.0  255.0  1.316E+07  1.722E+05  3.387E+03 3.795E-16  799.7   800  1.986E+06  2.491E+00  2.381E+05  3.454E+05   71.8   71.5    2.1    4.0    3.0    2.0    2.0    2.5    2.0
2020  1  2   2 12.00  450.0    0.0  255.0  1.187E+07  1.439E+05  2.758E+03 3.430E-16  799.7   800  1.936E+06  1.928E+00  2.366E+05  3.157E+05   71.8   71.5    2.1    4.0    3.0    2.0    2.0    2.5    2.0
2020  1  2   2 12.00  455.0    0.0  255.0  1.072E+07  1.202E+05  2.247E+03 3.102E-16  799.7   800  1.887E+06  1.493E+00  2.351E+05  2.887E+05   71.8   71.5    2.1    4.0    3.0    2.0    2.0    2.5    2.0
2020  1  2   2 12.00  460.0    0.0  255.0  9.675E+06  1.005E+05  1.831E+03 2.806E-16  799.7   800  1.839E+06  1.156E+00  2.336E+05  2.639E+05   71.8   71.5    2.1    4.0    3.0    2.0    2.0    2.5    2.0
2020  1  2   2 12.00  465.0    0.0  255.0  8.735E+06  8.404E+04  1.493E+03 2.540E-16  799.7   800  1.793E+06  8.957E-01  2.321E+05  2.413E+05   71.8   71.5    2.1    4.0    3.0    2.0    2.0    2.5    2.0
2020  1  2   2 12.00  470.0    0.0  255.0  7.888E+06  7.029E+04  1.217E+03 2.301E-16  799.8   800  1.748E+06  6.943E-01  2.306E+05  2.207E+05   71.8   71.5    2.1    4.0    3.0    2.0    2.0    2.5    2.0
2020  1  2   2 12.00  475.0    0.0  255.0  7.124E+06  5.880E+04  9.927E+02 2.085E-16  799.8   800  1.704E+06  5.383E-01  2.291E+05  2.019E+05   71.8   71.5    2.1    4.0    3.0    2.0    2.0    2.5    2.0
2020  1  2   2 12.00  480.0    0.0  255.0  6.435E+06  4.921E+04  8.100E+02 1.891E-16  799.8   800  1.661E+06  4.176E-01  2.277E+05  1.847E+05   71.8   71.5    2.1    4.0    3.0    2.0    2.0    2.5    2.0
2020  1  2   2 12.00  485.0    0.0  255.0  5.813E+06  4.119E+04  6.610E+02 1.715E-16  799.8   800  1.619E+06  3.240E-01  2.262E+05  1.690E+05   71.8   71.5    2.1    4.0    3.0    2.0    2.0    2.5    2.0
2020  1  2   2 12.00  490.0    0.0  255.0  5.252E+06  3.449E+04  5.397E+02 1.557E-16  799.8   800  1.579E+06  2.515E-01  2.248E+05  1.546E+05   71.8   71.5    2.1    4.0    3.0    2.0    2.0    2.5    2.0
2020  1  2   2 12.00  495.0    0.0  255.0  4.746E+06  2.888E+04  4.407E+02 1.414E-16  799.8   800  1.539E+06  1.953E-01  2.234E+05  1.415E+05   71.8   71.5    2.1    4.0    3.0    2.0    2.0    2.5    2.0
2020  1  2   2 12.00  500.0    0.0  255.0  4.290E+06  2.420E+04  3.600E+02 1.286E-16  799.8   800  1.501E+06  1.517E-01  2.220E+05  1.295E+05   71.8   71.5    2.1    4.0    3.0    2.0    2.0    2.5    2.0
2020  1  2   2 12.00  505.0    0.0  255.0  3.878E+06  2.027E+04  2.942E+02 1.169E-16  799.8   800  1.463E+06  1.179E-01  2.206E+05  1.185E+05   71.8   71.5    2.1    4.0    3.0    2.0    2.0    2.5    2.0
2020  1  2   2 12.00  510.0    0.0  255.0  3.506E+06  1.699E+04  2.404E+02 1.064E-16  799.8   800  1.427E+06  9.167E-02  2.192E+05  1.085E+05   71.8   71.5    2.1    4.0    3.0    2.0    2.0    2.5    2.0
2020  1  2   2 12.00  515.0    0.0  255.0  3.170E+06  1.425E+04  1.966E+02 9.690E-17  799.8   800  1.391E+06  7.129E-02  2.178E+05  9.936E+04   71.8   71.5    2.1    4.0    3.0    2.0    2.0    2.5    2.0
2020  1  2   2 12.00  520.0    0.0  255.0  2.867E+06  1.195E+04  1.608E+02 8.831E-17  799.8   800  1.357E+06  5.546E-02  2.165E+05  9.099E+04   71.8   71.5    2.1    4.0    3.0    2.0    2.0    2.5    2.0
2020  1  2   2 12.00  525.0    0.0  255.0  2.593E+06  1.002E+04  1.315E+02 8.054E-17  799.8   800  1.323E+06  4.316E-02  2.151E+05  8.333E+04   71.8   71.5    2.1    4.0    3.0    2.0    2.0    2.5    2.0
2020  1  2   2 12.00  530.0    0.0  255.0  2.346E+06  8.407E+03  1.076E+02 7.351E-17  799.8   800  1.290E+06  3.361E-02  2.138E+05  7.633E+04   71.8   71.5    2.1    4.0    3.0    2.0    2.0    2.5    2.0
2020  1  2   2 12.00  535.0    0.0  255.0  2.122E+06  7.056E+03  8.810E+01 6.715E-17  799.8   800  1.259E+06  2.617E-02  2.124E+05  6.993E+04   71.8   71.5    2.1    4.0    3.0    2.0    2.0    2.5    2.0
2020  1  2   2 12.00  540.0    0.0  255.0  1.920E+06  5.923E+03  7.213E+01 6.139E-17  799.8   800  1.227E+06  2.039E-02  2.111E+05  6.407E+04   71.8   71.5    2.1    4.0    3.0    2.0    2.0    2.5    2.0
2020  1  2   2 12.00  545.0    0.0  255.0  1.738E+06  4.973E+03  5.908E+01 5.617E-17  799.8   800  1.197E+06  1.589E-02  2.098E+05  5.871E+04   71.8   71.5    2.1    4.0    3.0    2.0    2.0    2.5    2.0
2020  1  2   2 12.00  550.0    0.0  255.0  1.573E+06  4.177E+03  4.840E+01 5.144E-17  799.8   800  1.168E+06  1.239E-02  2.085E+05  5.380E+04   71.8   71.5    2.1    4.0    3.0    2.0    2.0    2.5    2.0
2020  1  2   2 12.00  555.0    0.0  255.0  1.424E+06  3.509E+03  3.967E+01 4.715E-17  799.8   800  1.139E+06  9.666E-03  2.072E+05  4.931E+04   71.8   71.5    2.1    4.0    3.0    2.0    2.0    2.5    2.0
2020  1  2   2 12.00  560.0    0.0  255.0  1.289E+06  2.948E+03  3.252E+01 4.326E-17  799.8   800  1.111E+06  7.542E-03  2.059E+05  4.520E+04   71.8   71.5    2.1    4.0    3.0    2.0    2.0    2.5    2.0
2020  1  2   2 12.00  565.0    0.0  255.0  1.167E+06  2.478E+03  2.666E+01 3.974E-17  799.8   800  1.084E+06  5.887E-03  2.046E+05  4.144E+04   71.8   71.5    2.1    4.0    3.0    2.0    2.0    2.5    2.0
2020  1  2   2 12.00  570.0    0.0  255.0  1.057E+06  2.083E+03  2.187E+01 3.653E-17  799.8   800  1.057E+06  4.596E-03  2.034E+05  3.800E+04   71.8   71.5    2.1    4.0    3.0    2.0    2.0    2.5    2.0
2020  1  2   2 12.00  575.0    0.0  255.0  9.577E+05  1.752E+03  1.794E+01 3.362E-17  799.8   800  1.032E+06  3.590E-03  2.021E+05  3.484E+04   71.8   71.5    2.1    4.0    3.0    2.0    2.0    2.5    2.0
2020  1  2   2 12.00  580.0    0.0  255.0  8.676E+05  1.474E+03  1.473E+01 3.098E-17  799.8   800  1.006E+06  2.805E-03  2.009E+05  3.196E+04   71.8   71.5    2.1    4.0    3.0    2.0    2.0    2.5    2.0
2020  1  2   2 12.00  585.0    0.0  255.0  7.861E+05  1.240E+03  1.209E+01 2.858E-17  799.8   800  9.818E+05  2.193E-03  1.996E+05  2.931E+04   71.8   71.5    2.1    4.0    3.0    2.0    2.0    2.5    2.0
2020  1  2   2 12.00  590.0    0.0  255.0  7.123E+05  1.043E+03  9.927E+00 2.639E-17  799.8   800  9.579E+05  1.715E-03  1.984E+05  2.689E+04   71.8   71.5    2.1    4.0    3.0    2.0    2.0    2.5    2.0
2020  1  2   2 12.00  595.0    0.0  255.0  6.456E+05  8.784E+02  8.154E+00 2.440E-17  799.8   800  9.347E+05  1.341E-03  1.972E+05  2.467E+04   71.8   71.5    2.1    4.0    3.0    2.0    2.0    2.5    2.0
2020  1  2   2 12.00  600.0    0.0  255.0  5.852E+05  7.396E+02  6.699E+00 2.259E-17  799.8   800  9.120E+05  1.049E-03  1.960E+05  2.264E+04   71.8   71.5    2.1    4.0    3.0    2.0    2.0    2.5    2.0
2020  1  2   2 12.00  605.0    0.0  255.0  5.305E+05  6.228E+02  5.506E+00 2.094E-17  799.8   800  8.899E+05  8.215E-04  1.948E+05  2.078E+04   71.8   71.5    2.1    4.0    3.0    2.0    2.0    2.5    2.0
2020  1  2   2 12.00  610.0    0.0  255.0  4.810E+05  5.247E+02  4.526E+00 1.943E-17  799.8   800  8.684E+05  6.433E-04  1.936E+05  1.907E+04   71.8   71.5    2.1    4.0    3.0    2.0    2.0    2.5    2.0
2020  1  2   2 12.00  615.0    0.0  255.0  4.362E+05  4.421E+02  3.722E+00 1.806E-17  799.8   800  8.474E+05  5.039E-04  1.924E+05  1.750E+04   71.8   71.5    2.1    4.0    3.0    2.0    2.0    2.5    2.0
2020  1  2   2 12.00  620.0    0.0  255.0  3.956E+05  3.726E+02  3.062E+00 1.680E-17  799.8   800  8.269E+05  3.948E-04  1.913E+05  1.607E+04   71.8   71.5    2.1    4.0    3.0    2.0    2.0    2.5    2.0
2020  1  2   2 12.00  625.0    0.0  255.0  3.588E+05  3.141E+02  2.519E+00 1.566E-17  799.8   800  8.070E+05  3.095E-04  1.901E+05  1.475E+04   71.8   71.5    2.1    4.0    3.0    2.0    2.0    2.5    2.0
2020  1  2   2 12.00  630.0    0.0  255.0  3.255E+05  2.649E+02  2.073E+00 1.461E-17  799.8   800  7.876E+05  2.427E-04  1.889E+05  1.355E+04   71.8   71.5    2.1    4.0    3.0    2.0    2.0    2.5    2.0
2020  1  2   2 12.00  635.0    0.0  255.0  2.954E+05  2.234E+02  1.707E+00 1.365E-17  799.8   800  7.687E+05  1.904E-04  1.878E+05  1.244E+04   71.8   71.5    2.1    4.0    3.0    2.0    2.0    2.5    2.0
2020  1  2   2 12.00  640.0    0.0  255.0  2.680E+05  1.885E+02  1.406E+00 1.278E-17  799.8   800  7.503E+05  1.494E-04  1.867E+05  1.143E+04   71.8   71.5    2.1    4.0    3.0    2.0    2.0    2.5    2.0
2020  1  2   2 12.00  645.0    0.0  255.0  2.433E+05  1.590E+02  1.158E+00 1.197E-17  799.8   800  7.323E+05  1.173E-04  1.855E+05  1.050E+04   71.8   71.5    2.1    4.0    3.0    2.0    2.0    2.5    2.0
2020  1  2   2 12.00  650.0    0.0  255.0  2.208E+05  1.342E+02  9.539E-01 1.124E-17  799.8   800  7.148E+05  9.208E-05  1.844E+05  9.645E+03   71.8   71.5    2.1    4.0    3.0    2.0    2.0    2.5    2.0
2020  1  2   2 12.00  655.0    0.0  255.0  2.005E+05  1.133E+02  7.862E-01 1.056E-17  799.8   800  6.977E+05  7.233E-05  1.833E+05  8.862E+03   71.8   71.5    2.1    4.0    3.0    2.0    2.0    2.5    2.0
2020  1  2   2 12.00  660.0    0.0  255.0  1.820E+05  9.571E+01  6.481E-01 9.939E-18  799.8   800  6.811E+05  5.683E-05  1.822E+05  8.144E+03   71.8   71.5    2.1    4.0    3.0    2.0    2.0    2.5    2.0
2020  1  2   2 12.00  665.0    0.0  255.0  1.653E+05  8.084E+01  5.345E-01 9.368E-18  799.8   800  6.648E+05  4.468E-05  1.811E+05  7.485E+03   71.8   71.5    2.1    4.0    3.0    2.0    2.0    2.5    2.0
2020  1  2   2 12.00  670.0    0.0  255.0  1.501E+05  6.830E+01  4.409E-01 8.842E-18  799.8   800  6.490E+05  3.513E-05  1.800E+05  6.880E+03   71.8   71.5    2.1    4.0    3.0    2.0    2.0    2.5    2.0
2020  1  2   2 12.00  675.0    0.0  255.0  1.364E+05  5.772E+01  3.637E-01 8.358E-18  799.8   800  6.336E+05  2.763E-05  1.789E+05  6.324E+03   71.8   71.5    2.1    4.0    3.0    2.0    2.0    2.5    2.0
2020  1  2   2 12.00  680.0    0.0  255.0  1.239E+05  4.879E+01  3.002E-01 7.911E-18  799.8   800  6.186E+05  2.174E-05  1.779E+05  5.815E+03   71.8   71.5    2.1    4.0    3.0    2.0    2.0    2.5    2.0
2020  1  2   2 12.00  685.0    0.0  255.0  1.126E+05  4.125E+01  2.478E-01 7.499E-18  799.8   800  6.039E+05  1.711E-05  1.768E+05  5.347E+03   71.8   71.5    2.1    4.0    3.0    2.0    2.0    2.5    2.0
2020  1  2   2 12.00  690.0    0.0  255.0  1.023E+05  3.488E+01  2.046E-01 7.118E-18  799.8   800  5.897E+05  1.348E-05  1.757E+05  4.917E+03   71.8   71.5    2.1    4.0    3.0    2.0    2.0    2.5    2.0
2020  1  2   2 12.00  695.0    0.0  255.0  9.295E+04  2.951E+01  1.690E-01 6.765E-18  799.8   800  5.757E+05  1.061E-05  1.747E+05  4.522E+03   71.8   71.5    2.1    4.0    3.0    2.0    2.0    2.5    2.0
2020  1  2   2 12.00  700.0    0.0  255.0  8.449E+04  2.497E+01  1.397E-01 6.439E-18  799.8   800  5.622E+05  8.364E-06  1.737E+05  4.160E+03   71.8   71.5    2.1    4.0    3.0    2.0    2.0    2.5    2.0
2020  1  2   2 12.00  705.0    0.0  255.0  7.681E+04  2.113E+01  1.154E-01 6.136E-18  799.8   800  5.489E+05  6.592E-06  1.726E+05  3.826E+03   71.8   71.5    2.1    4.0    3.0    2.0    2.0    2.5    2.0
2020  1  2   2 12.00  710.0    0.0  255.0  6.984E+04  1.789E+01  9.541E-02 5.855E-18  799.8   800  5.360E+05  5.198E-06  1.716E+05  3.521E+03   71.8   71.5    2.1    4.0    3.0    2.0    2.0    2.5    2.0
2020  1  2   2 12.00  715.0    0.0  255.0  6.350E+04  1.514E+01  7.889E-02 5.593E-18  799.8   800  5.234E+05  4.100E-06  1.706E+05  3.239E+03   71.8   71.5    2.1    4.0    3.0    2.0    2.0    2.5    2.0
2020  1  2   2 12.00  720.0    0.0  255.0  5.775E+04  1.283E+01  6.525E-02 5.350E-18  799.8   800  5.111E+05  3.235E-06  1.696E+05  2.981E+03   71.8   71.5    2.1    4.0    3.0    2.0    2.0    2.5    2.0
2020  1  2   2 12.00  725.0    0.0  255.0  5.253E+04  1.086E+01  5.399E-02 5.123E-18  799.8   800  4.992E+05  2.553E-06  1.686E+05  2.744E+03   71.8   71.5    2.1    4.0    3.0    2.0    2.0    2.5    2.0
2020  1  2   2 12.00  730.0    0.0  255.0  4.779E+04  9.205E+00  4.468E-02 4.912E-18  799.8   800  4.875E+05  2.016E-06  1.676E+05  2.526E+03   71.8   71.5    2.1    4.0    3.0    2.0    2.0    2.5    2.0
2020  1  2   2 12.00  735.0    0.0  255.0  4.348E+04  7.801E+00  3.698E-02 4.714E-18  799.8   800  4.761E+05  1.592E-06  1.666E+05  2.325E+03   71.8   71.5    2.1    4.0    3.0    2.0    2.0    2.5    2.0
2020  1  2   2 12.00  740.0    0.0  255.0  3.956E+04  6.613E+00  3.062E-02 4.530E-18  799.8   800  4.650E+05  1.258E-06  1.656E+05  2.141E+03   71.8   71.5    2.1    4.0    3.0    2.0    2.0    2.5    2.0
2020  1  2   2 12.00  745.0    0.0  255.0  3.600E+04  5.607E+00  2.536E-02 4.356E-18  799.8   800  4.542E+05  9.941E-07  1.646E+05  1.971E+03   71.8   71.5    2.1    4.0    3.0    2.0    2.0    2.5    2.0