2020  1  2   2 12.00    0.0   40.0  255.0  9.999E-38  2.001E+19  5.365E+18 1.232E-03  283.5   726  1.332E+14  2.391E+17  9.999E-38  9.999E-38   71.8   71.5    2.1    4.0    3.0    2.0    2.0    2.5    2.0\
2020  1  2   2 12.00    5.0   40.0  255.0  9.999E-38  1.168E+19  3.131E+18 7.188E-04  259.0   726  7.776E+13  1.396E+17  9.999E-38  9.999E-38   71.8   71.5    2.1    4.0    3.0    2.0    2.0    2.5    2.0\
2020  1  2   2 12.00   10.0   40.0  255.0  9.999E-38  6.607E+18  1.772E+18 4.067E-04  226.1   726  4.400E+13  7.896E+16  9.999E-38  9.999E-38   71.8   71.5    2.1    4.0    3.0    2.0    2.0    2.5    2.0\
2020  1  2   2 12.00   15.0   40.0  255.0  9.999E-38  3.213E+18  8.617E+17 1.978E-04  213.1   726  2.140E+13  3.840E+16  9.999E-38  9.999E-38   71.8   71.5    2.1    4.0    3.0    2.0    2.0    2.5    2.0\
2020  1  2   2 12.00   20.0   40.0  255.0  9.999E-38  1.451E+18  3.892E+17 8.935E-05  211.4   726  9.666E+12  1.735E+16  9.999E-38  9.999E-38   71.8   71.5    2.1    4.0    3.0    2.0    2.0    2.5    2.0\
2020  1  2   2 12.00   25.0   40.0  255.0  9.999E-38  6.407E+17  1.718E+17 3.944E-05  216.7   726  4.267E+12  7.657E+15  9.999E-38  9.999E-38   71.8   71.5    2.1    4.0    3.0    2.0    2.0    2.5    2.0\
2020  1  2   2 12.00   30.0   40.0  255.0  9.999E-38  2.902E+17  7.783E+16 1.787E-05  220.7   726  1.933E+12  3.469E+15  9.999E-38  9.999E-38   71.8   71.5    2.1    4.0    3.0    2.0    2.0    2.5    2.0\
2020  1  2   2 12.00   35.0   40.0  255.0  9.999E-38  1.320E+17  3.539E+16 8.124E-06  228.4   726  8.788E+11  1.577E+15  9.999E-38  9.999E-38   71.8   71.5    2.1    4.0    3.0    2.0    2.0    2.5    2.0\
2020  1  2   2 12.00   40.0   40.0  255.0  9.999E-38  6.107E+16  1.638E+16 3.760E-06  239.7   726  4.067E+11  7.299E+14  9.999E-38  9.999E-38   71.8   71.5    2.1    4.0    3.0    2.0    2.0    2.5    2.0\
2020  1  2   2 12.00   45.0   40.0  255.0  9.999E-38  2.921E+16  7.832E+15 1.798E-06  253.2   726  1.945E+11  3.490E+14  9.999E-38  9.999E-38   71.8   71.5    2.1    4.0    3.0    2.0    2.0    2.5    2.0\
2020  1  2   2 12.00   50.0   40.0  255.0  9.999E-38  1.501E+16  4.025E+15 9.240E-07  254.8   726  9.996E+10  1.794E+14  9.999E-38  9.999E-38   71.8   71.5    2.1    4.0    3.0    2.0    2.0    2.5    2.0\
2020  1  2   2 12.00   55.0   40.0  255.0  6.344E+09  7.914E+15  2.122E+15 4.872E-07  248.0   726  5.271E+10  9.459E+13  9.999E-38  9.999E-38   71.8   71.5    2.1    4.0    3.0    2.0    2.0    2.5    2.0\
2020  1  2   2 12.00   60.0   40.0  255.0  7.747E+09  4.120E+15  1.105E+15 2.536E-07  239.6   726  2.744E+10  4.924E+13  9.999E-38  9.999E-38   71.8   71.5    2.1    4.0    3.0    2.0    2.0    2.5    2.0\
2020  1  2   2 12.00   65.0   40.0  255.0  8.609E+09  2.117E+15  5.676E+14 1.303E-07  227.9   726  1.410E+10  2.530E+13  9.999E-38  9.999E-38   71.8   71.5    2.1    4.0    3.0    2.0    2.0    2.5    2.0\
2020  1  2   2 12.00   70.0   40.0  255.0  9.262E+09  1.049E+15  2.813E+14 6.458E-08  216.5   726  6.986E+09  1.254E+13  9.999E-38  9.999E-38   71.8   71.5    2.1    4.0    3.0    2.0    2.0    2.5    2.0\
2020  1  2   2 12.00   75.0   40.0  255.0  9.885E+09  4.947E+14  1.326E+14 3.045E-08  209.6   726  3.294E+09  5.912E+12  9.999E-38  9.999E-38   71.8   71.5    2.1    4.0    3.0    2.0    2.0    2.5    2.0\
2020  1  2   2 12.00   80.0   40.0  255.0  2.746E+10  2.280E+14  6.113E+13 1.403E-08  202.6   726  1.539E+09  2.724E+12  1.670E+08  9.999E-38   71.8   71.5    2.1    4.0    3.0    2.0    2.0    2.5    2.0\
2020  1  2   2 12.00   85.0   40.0  255.0  1.058E+11  1.009E+14  2.705E+13 6.212E-09  200.2   726  7.194E+08  1.205E+12  1.117E+08  9.999E-38   71.8   71.5    2.1    4.0    3.0    2.0    2.0    2.5    2.0\
2020  1  2   2 12.00   90.0   40.0  255.0  3.526E+11  4.468E+13  1.194E+13 2.757E-09  195.6   726  3.624E+08  5.284E+11  6.236E+07  9.999E-38   71.8   71.5    2.1    4.0    3.0    2.0    2.0    2.5    2.0\
2020  1  2   2 12.00   95.0   40.0  255.0  5.532E+11  1.963E+13  5.189E+12 1.218E-09  187.3   726  2.110E+08  2.238E+11  3.800E+07  7.063E+04   71.8   71.5    2.1    4.0    3.0    2.0    2.0    2.5    2.0\
2020  1  2   2 12.00  100.0   40.0  255.0  4.840E+11  8.235E+12  2.111E+12 5.137E-10  181.9   726  1.394E+08  8.480E+10  2.429E+07  1.410E+05   71.8   71.5    2.1    4.0    3.0    2.0    2.0    2.5    2.0\
2020  1  2   2 12.00  105.0   40.0  255.0  3.023E+11  3.245E+12  7.826E+11 2.024E-10  189.9   726  1.009E+08  2.759E+10  1.552E+07  2.513E+05   71.8   71.5    2.1    4.0    3.0    2.0    2.0    2.5    2.0\
2020  1  2   2 12.00  110.0   40.0  255.0  1.757E+11  1.251E+12  2.793E+11 7.825E-11  221.9   726  7.612E+07  8.423E+09  9.764E+06  4.112E+05   71.8   71.5    2.1    4.0    3.0    2.0    2.0    2.5    2.0\
2020  1  2   2 12.00  115.0   40.0  255.0  1.028E+11  5.205E+11  1.076E+11 3.284E-11  277.4   726  5.785E+07  2.777E+09  6.064E+06  6.508E+05   71.8   71.5    2.1    4.0    3.0    2.0    2.0    2.5    2.0\
2020  1  2   2 12.00  120.0   40.0  255.0  6.479E+10  2.503E+11  4.809E+10 1.599E-11  342.5   726  4.648E+07  1.073E+09  3.997E+06  1.037E+06   71.8   71.5    2.1    4.0    3.0    2.0    2.0    2.5    2.0\
2020  1  2   2 12.00  125.0   40.0  255.0  4.439E+10  1.375E+11  2.471E+10 8.922E-12  406.1   726  3.928E+07  4.808E+08  2.829E+06  1.648E+06   71.8   71.5    2.1    4.0    3.0    2.0    2.0    2.5    2.0\
2020  1  2   2 12.00  130.0   40.0  255.0  3.250E+10  8.397E+10  1.419E+10 5.540E-12  460.5   726  3.483E+07  2.438E+08  2.127E+06  2.556E+06   71.8   71.5    2.1    4.0    3.0    2.0    2.0    2.5    2.0\
2020  1  2   2 12.00  135.0   40.0  255.0  2.489E+10  5.504E+10  8.785E+09 3.698E-12  505.5   726  3.193E+07  1.345E+08  1.673E+06  3.816E+06   71.8   71.5    2.1    4.0    3.0    2.0    2.0    2.5    2.0\
2020  1  2   2 12.00  140.0   40.0  255.0  1.971E+10  3.788E+10  5.729E+09 2.596E-12  542.9   726  2.991E+07  7.867E+07  1.360E+06  5.461E+06   71.8   71.5    2.1    4.0    3.0    2.0    2.0    2.5    2.0\
2020  1  2   2 12.00  145.0   40.0  255.0  1.599E+10  2.699E+10  3.881E+09 1.890E-12  573.9   726  2.845E+07  4.804E+07  1.134E+06  7.486E+06   71.8   71.5    2.1    4.0    3.0    2.0    2.0    2.5    2.0\
2020  1  2   2 12.00  150.0   40.0  255.0  1.320E+10  1.974E+10  2.706E+09 1.415E-12  599.6   726  2.734E+07  3.038E+07  9.642E+05  9.811E+06   71.8   71.5    2.1    4.0    3.0    2.0    2.0    2.5    2.0\
2020  1  2   2 12.00  155.0   40.0  255.0  1.104E+10  1.473E+10  1.929E+09 1.083E-12  621.0   726  2.647E+07  1.975E+07  8.345E+05  1.229E+07   71.8   71.5    2.1    4.0    3.0    2.0    2.0    2.5    2.0\
2020  1  2   2 12.00  160.0   40.0  255.0  9.328E+09  1.116E+10  1.400E+09 8.426E-13  638.7   726  2.575E+07  1.312E+07  7.334E+05  1.476E+07   71.8   71.5    2.1    4.0    3.0    2.0    2.0    2.5    2.0\
2020  1  2   2 12.00  165.0   40.0  255.0  7.947E+09  8.555E+09  1.030E+09 6.650E-13  653.5   726  2.513E+07  8.880E+06  6.536E+05  1.702E+07   71.8   71.5    2.1    4.0    3.0    2.0    2.0    2.5    2.0\
2020  1  2   2 12.00  170.0   40.0  255.0  6.817E+09  6.622E+09  7.661E+08 5.308E-13  665.7   726  2.456E+07  6.098E+06  5.900E+05  1.890E+07   71.8   71.5    2.1    4.0    3.0    2.0    2.0    2.5    2.0\
2020  1  2   2 12.00  175.0   40.0  255.0  5.880E+09  5.165E+09  5.752E+08 4.280E-13  675.9   726  2.402E+07  4.240E+06  5.388E+05  2.028E+07   71.8   71.5    2.1    4.0    3.0    2.0    2.0    2.5    2.0\
2020  1  2   2 12.00  180.0   40.0  255.0  5.095E+09  4.054E+09  4.352E+08 3.479E-13  684.3   726  2.350E+07  2.979E+06  4.973E+05  2.112E+07   71.8   71.5    2.1    4.0    3.0    2.0    2.0    2.5    2.0\
2020  1  2   2 12.00  185.0   40.0  255.0  4.431E+09  3.199E+09  3.313E+08 2.849E-13  691.4   726  2.299E+07  2.111E+06  4.636E+05  2.142E+07   71.8   71.5    2.1    4.0    3.0    2.0    2.0    2.5    2.0\
2020  1  2   2 12.00  190.0   40.0  255.0  3.866E+09  2.534E+09  2.536E+08 2.348E-13  697.2   726  2.247E+07  1.507E+06  4.359E+05  2.125E+07   71.8   71.5    2.1    4.0    3.0    2.0    2.0    2.5    2.0\
2020  1  2   2 12.00  195.0   40.0  255.0  3.382E+09  2.015E+09  1.949E+08 1.946E-13  702.1   726  2.195E+07  1.082E+06  4.131E+05  2.068E+07   71.8   71.5    2.1    4.0    3.0    2.0    2.0    2.5    2.0\
2020  1  2   2 12.00  200.0   40.0  255.0  2.964E+09  1.607E+09  1.503E+08 1.622E-13  706.1   726  2.143E+07  7.807E+05  3.941E+05  1.982E+07   71.8   71.5    2.1    4.0    3.0    2.0    2.0    2.5    2.0\
2020  1  2   2 12.00  205.0   40.0  255.0  2.603E+09  1.285E+09  1.163E+08 1.357E-13  709.5   726  2.090E+07  5.659E+05  3.783E+05  1.876E+07   71.8   71.5    2.1    4.0    3.0    2.0    2.0    2.5    2.0\
2020  1  2   2 12.00  210.0   40.0  255.0  2.290E+09  1.029E+09  9.024E+07 1.141E-13  712.3   726  2.037E+07  4.116E+05  3.650E+05  1.757E+07   71.8   71.5    2.1    4.0    3.0    2.0    2.0    2.5    2.0\
2020  1  2   2 12.00  215.0   40.0  255.0  2.017E+09  8.260E+08  7.016E+07 9.626E-14  714.7   726  1.984E+07  3.003E+05  3.537E+05  1.632E+07   71.8   71.5    2.1    4.0    3.0    2.0    2.0    2.5    2.0\
2020  1  2   2 12.00  220.0   40.0  255.0  1.778E+09  6.639E+08  5.464E+07 8.152E-14  716.6   726  1.932E+07  2.196E+05  3.441E+05  1.506E+07   71.8   71.5    2.1    4.0    3.0    2.0    2.0    2.5    2.0\
2020  1  2   2 12.00  225.0   40.0  255.0  1.569E+09  5.344E+08  4.263E+07 6.927E-14  718.2   726  1.880E+07  1.610E+05  3.358E+05  1.382E+07   71.8   71.5    2.1    4.0    3.0    2.0    2.0    2.5    2.0\
2020  1  2   2 12.00  230.0   40.0  255.0  1.386E+09  4.306E+08  3.330E+07 5.905E-14  719.6   726  1.829E+07  1.182E+05  3.286E+05  1.263E+07   71.8   71.5    2.1    4.0    3.0    2.0    2.0    2.5    2.0\
2020  1  2   2 12.00  235.0   40.0  255.0  1.225E+09  3.473E+08  2.605E+07 5.048E-14  720.7   726  1.778E+07  8.697E+04  3.223E+05  1.151E+07   71.8   71.5    2.1    4.0    3.0    2.0    2.0    2.5    2.0\
2020  1  2   2 12.00  240.0   40.0  255.0  1.084E+09  2.804E+08  2.040E+07 4.328E-14  721.6   726  1.728E+07  6.407E+04  3.168E+05  1.046E+07   71.8   71.5    2.1    4.0    3.0    2.0    2.0    2.5    2.0\
2020  1  2   2 12.00  245.0   40.0  255.0  9.588E+08  2.265E+08  1.599E+07 3.720E-14  722.4   726  1.680E+07  4.725E+04  3.118E+05  9.487E+06   71.8   71.5    2.1    4.0    3.0    2.0    2.0    2.5    2.0\
2020  1  2   2 12.00  250.0   40.0  255.0  8.489E+08  1.832E+08  1.254E+07 3.205E-14  723.1   726  1.632E+07  3.489E+04  3.074E+05  8.591E+06   71.8   71.5    2.1    4.0    3.0    2.0    2.0    2.5    2.0\
2020  1  2   2 12.00  255.0   40.0  255.0  7.519E+08  1.482E+08  9.843E+06 2.768E-14  723.6   726  1.585E+07  2.579E+04  3.034E+05  7.771E+06   71.8   71.5    2.1    4.0    3.0    2.0    2.0    2.5    2.0\
2020  1  2   2 12.00  260.0   40.0  255.0  6.662E+08  1.200E+08  7.732E+06 2.396E-14  724.1   726  1.540E+07  1.908E+04  2.997E+05  7.023E+06   71.8   71.5    2.1    4.0    3.0    2.0    2.0    2.5    2.0\
2020  1  2   2 12.00  265.0   40.0  255.0  5.905E+08  9.716E+07  6.077E+06 2.078E-14  724.5   726  1.496E+07  1.412E+04  2.963E+05  6.343E+06   71.8   71.5    2.1    4.0    3.0    2.0    2.0    2.5    2.0\
2020  1  2   2 12.00  270.0   40.0  255.0  5.236E+08  7.874E+07  4.780E+06 1.806E-14  724.8   726  1.452E+07  1.046E+04  2.931E+05  5.726E+06   71.8   71.5    2.1    4.0    3.0    2.0    2.0    2.5    2.0\
2020  1  2   2 12.00  275.0   40.0  255.0  4.644E+08  6.384E+07  3.761E+06 1.572E-14  725.1   726  1.410E+07  7.757E+03  2.901E+05  5.167E+06   71.8   71.5    2.1    4.0    3.0    2.0    2.0    2.5    2.0\
2020  1  2   2 12.00  280.0   40.0  255.0  4.120E+08  5.178E+07  2.961E+06 1.371E-14  725.3   726  1.370E+07  5.755E+03  2.873E+05  4.661E+06   71.8   71.5    2.1    4.0    3.0    2.0    2.0    2.5    2.0\
2020  1  2   2 12.00  285.0   40.0  255.0  3.656E+08  4.202E+07  2.333E+06 1.198E-14  725.5   726  1.330E+07  4.272E+03  2.846E+05  4.205E+06   71.8   71.5    2.1    4.0    3.0    2.0    2.0    2.5    2.0\
2020  1  2   2 12.00  290.0   40.0  255.0  3.246E+08  3.411E+07  1.838E+06 1.048E-14  725.6   726  1.291E+07  3.173E+03  2.821E+05  3.792E+06   71.8   71.5    2.1    4.0    3.0    2.0    2.0    2.5    2.0\
2020  1  2   2 12.00  295.0   40.0  255.0  2.882E+08  2.770E+07  1.449E+06 9.185E-15  725.8   726  1.254E+07  2.359E+03  2.796E+05  3.421E+06   71.8   71.5    2.1    4.0    3.0    2.0    2.0    2.5    2.0\
2020  1  2   2 12.00  300.0   40.0  255.0  2.559E+08  2.250E+07  1.143E+06 8.060E-15  725.9   726  1.218E+07  1.754E+03  2.772E+05  3.085E+06   71.8   71.5    2.1    4.0    3.0    2.0    2.0    2.5    2.0\
2020  1  2   2 12.00  305.0   40.0  255.0  2.273E+08  1.829E+07  9.020E+05 7.082E-15  726.0   726  1.182E+07  1.305E+03  2.750E+05  2.783E+06   71.8   71.5    2.1    4.0    3.0    2.0    2.0    2.5    2.0\
2020  1  2   2 12.00  310.0   40.0  255.0  2.020E+08  1.487E+07  7.121E+05 6.230E-15  726.0   726  1.148E+07  9.713E+02  2.727E+05  2.510E+06   71.8   71.5    2.1    4.0    3.0    2.0    2.0    2.5    2.0\
2020  1  2   2 12.00  315.0   40.0  255.0  1.795E+08  1.209E+07  5.623E+05 5.487E-15  726.1   726  1.115E+07  7.233E+02  2.705E+05  2.264E+06   71.8   71.5    2.1    4.0    3.0    2.0    2.0    2.5    2.0\
2020  1  2   2 12.00  320.0   40.0  255.0  1.595E+08  9.838E+06  4.443E+05 4.839E-15  726.1   726  1.083E+07  5.390E+02  2.684E+05  2.043E+06   71.8   71.5    2.1    4.0    3.0    2.0    2.0    2.5    2.0\
2020  1  2   2 12.00  325.0   40.0  255.0  1.418E+08  8.007E+06  3.511E+05 4.272E-15  726.2   726  1.051E+07  4.018E+02  2.663E+05  1.843E+06   71.8   71.5    2.1    4.0    3.0    2.0    2.0    2.5    2.0\
2020  1  2   2 12.00  330.0   40.0  255.0  1.261E+08  6.518E+06  2.776E+05 3.775E-15  726.2   726  1.021E+07  2.996E+02  2.643E+05  1.664E+06   71.8   71.5    2.1    4.0    3.0    2.0    2.0    2.5    2.0\
2020  1  2   2 12.00  335.0   40.0  255.0  1.121E+08  5.308E+06  2.196E+05 3.339E-15  726.3   726  9.915E+06  2.236E+02  2.623E+05  1.501E+06   71.8   71.5    2.1    4.0    3.0    2.0    2.0    2.5    2.0\
2020  1  2   2 12.00  340.0   40.0  255.0  9.973E+07  4.324E+06  1.737E+05 2.956E-15  726.3   726  9.629E+06  1.669E+02  2.603E+05  1.355E+06   71.8   71.5    2.1    4.0    3.0    2.0    2.0    2.5    2.0\
2020  1  2   2 12.00  345.0   40.0  255.0  8.873E+07  3.524E+06  1.375E+05 2.620E-15  726.3   726  9.352E+06  1.247E+02  2.583E+05  1.224E+06   71.8   71.5    2.1    4.0    3.0    2.0    2.0    2.5    2.0\
2020  1  2   2 12.00  350.0   40.0  255.0  7.895E+07  2.872E+06  1.089E+05 2.323E-15  726.3   726  9.084E+06  9.314E+01  2.564E+05  1.105E+06   71.8   71.5    2.1    4.0    3.0    2.0    2.0    2.5    2.0\
2020  1  2   2 12.00  355.0   40.0  255.0  7.027E+07  2.342E+06  8.623E+04 2.063E-15  726.3   726  8.823E+06  6.962E+01  2.545E+05  9.976E+05   71.8   71.5    2.1    4.0    3.0    2.0    2.0    2.5    2.0\
2020  1  2   2 12.00  360.0   40.0  255.0  6.255E+07  1.910E+06  6.832E+04 1.832E-15  726.4   726  8.570E+06  5.206E+01  2.527E+05  9.010E+05   71.8   71.5    2.1    4.0    3.0    2.0    2.0    2.5    2.0\
2020  1  2   2 12.00  365.0   40.0  255.0  5.568E+07  1.559E+06  5.416E+04 1.629E-15  726.4   726  8.325E+06  3.895E+01  2.508E+05  8.139E+05   71.8   71.5    2.1    4.0    3.0    2.0    2.0    2.5    2.0\
2020  1  2   2 12.00  370.0   40.0  255.0  4.958E+07  1.272E+06  4.294E+04 1.450E-15  726.4   726  8.087E+06  2.916E+01  2.490E+05  7.353E+05   71.8   71.5    2.1    4.0    3.0    2.0    2.0    2.5    2.0\
2020  1  2   2 12.00  375.0   40.0  255.0  4.416E+07  1.039E+06  3.406E+04 1.291E-15  726.4   726  7.856E+06  2.183E+01  2.471E+05  6.644E+05   71.8   71.5    2.1    4.0    3.0    2.0    2.0    2.5    2.0\
2020  1  2   2 12.00  380.0   40.0  255.0  3.934E+07  8.482E+05  2.703E+04 1.151E-15  726.4   726  7.633E+06  1.636E+01  2.454E+05  6.004E+05   71.8   71.5    2.1    4.0    3.0    2.0    2.0    2.5    2.0\
2020  1  2   2 12.00  385.0   40.0  255.0  3.504E+07  6.929E+05  2.145E+04 1.027E-15  726.4   726  7.415E+06  1.226E+01  2.436E+05  5.427E+05   71.8   71.5    2.1    4.0    3.0    2.0    2.0    2.5    2.0\
2020  1  2   2 12.00  390.0   40.0  255.0  3.123E+07  5.662E+05  1.703E+04 9.166E-16  726.4   726  7.205E+06  9.191E+00  2.418E+05  4.906E+05   71.8   71.5    2.1    4.0    3.0    2.0    2.0    2.5    2.0\
2020  1  2   2 12.00  395.0   40.0  255.0  2.783E+07  4.628E+05  1.353E+04 8.189E-16  726.4   726  7.000E+06  6.895E+00  2.401E+05  4.435E+05   71.8   71.5    2.1    4.0    3.0    2.0    2.0    2.5    2.0\
2020  1  2   2 12.00  400.0   40.0  255.0  2.481E+07  3.784E+05  1.075E+04 7.322E-16  726.4   726  6.802E+06  5.174E+00  2.383E+05  4.011E+05   71.8   71.5    2.1    4.0    3.0    2.0    2.0    2.5    2.0\
2020  1  2   2 12.00  405.0   40.0  255.0  2.212E+07  3.095E+05  8.544E+03 6.552E-16  726.4   726  6.610E+06  3.885E+00  2.366E+05  3.627E+05   71.8   71.5    2.1    4.0    3.0    2.0    2.0    2.5    2.0\
2020  1  2   2 12.00  410.0   40.0  255.0  1.972E+07  2.532E+05  6.794E+03 5.868E-16  726.4   726  6.423E+06  2.918E+00  2.349E+05  3.281E+05   71.8   71.5    2.1    4.0    3.0    2.0    2.0    2.5    2.0\
2020  1  2   2 12.00  415.0   40.0  255.0  1.759E+07  2.072E+05  5.403E+03 5.260E-16  726.4   726  6.242E+06  2.192E+00  2.333E+05  2.968E+05   71.8   71.5    2.1    4.0    3.0    2.0    2.0    2.5    2.0\
2020  1  2   2 12.00  420.0   40.0  255.0  1.569E+07  1.696E+05  4.299E+03 4.719E-16  726.4   726  6.066E+06  1.648E+00  2.316E+05  2.685E+05   71.8   71.5    2.1    4.0    3.0    2.0    2.0    2.5    2.0\
2020  1  2   2 12.00  425.0   40.0  255.0  1.400E+07  1.389E+05  3.422E+03 4.237E-16  726.4   726  5.895E+06  1.239E+00  2.300E+05  2.430E+05   71.8   71.5    2.1    4.0    3.0    2.0    2.0    2.5    2.0\
2020  1  2   2 12.00  430.0   40.0  255.0  1.249E+07  1.138E+05  2.724E+03 3.808E-16  726.4   726  5.730E+06  9.324E-01  2.283E+05  2.199E+05   71.8   71.5    2.1    4.0    3.0    2.0    2.0    2.5    2.0\
2020  1  2   2 12.00  435.0   40.0  255.0  1.115E+07  9.323E+04  2.170E+03 3.426E-16  726.4   726  5.569E+06  7.018E-01  2.267E+05  1.991E+05   71.8   71.5    2.1    4.0    3.0    2.0    2.0    2.5    2.0\
2020  1  2   2 12.00  440.0   40.0  255.0  9.948E+06  7.641E+04  1.729E+03 3.085E-16  726.4   726  5.413E+06  5.285E-01  2.251E+05  1.802E+05   71.8   71.5    2.1    4.0    3.0    2.0    2.0    2.5    2.0\
2020  1  2   2 12.00  445.0   40.0  255.0  8.881E+06  6.265E+04  1.378E+03 2.781E-16  726.4   726  5.262E+06  3.981E-01  2.235E+05  1.632E+05   71.8   71.5    2.1    4.0    3.0    2.0    2.0    2.5    2.0\
2020  1  2   2 12.00  450.0   40.0  255.0  7.930E+06  5.137E+04  1.098E+03 2.509E-16  726.4   726  5.115E+06  3.000E-01  2.219E+05  1.478E+05   71.8   71.5    2.1    4.0    3.0    2.0    2.0    2.5    2.0\
2020  1  2   2 12.00  455.0   40.0  255.0  7.082E+06  4.214E+04  8.760E+02 2.267E-16  726.4   726  4.972E+06  2.262E-01  2.204E+05  1.338E+05   71.8   71.5    2.1    4.0    3.0    2.0    2.0    2.5    2.0\
2020  1  2   2 12.00  460.0   40.0  255.0  6.325E+06  3.458E+04  6.989E+02 2.050E-16  726.4   726  4.834E+06  1.706E-01  2.188E+05  1.212E+05   71.8   71.5    2.1    4.0    3.0    2.0    2.0    2.5    2.0\
2020  1  2   2 12.00  465.0   40.0  255.0  5.651E+06  2.838E+04  5.577E+02 1.857E-16  726.4   726  4.699E+06  1.287E-01  2.173E+05  1.098E+05   71.8   71.5    2.1    4.0    3.0    2.0    2.0    2.5    2.0\
2020  1  2   2 12.00  470.0   40.0  255.0  5.049E+06  2.330E+04  4.453E+02 1.683E-16  726.4   726  4.569E+06  9.717E-02  2.157E+05  9.953E+04   71.8   71.5    2.1    4.0    3.0    2.0    2.0    2.5    2.0\
2020  1  2   2 12.00  475.0   40.0  255.0  4.512E+06  1.914E+04  3.556E+02 1.528E-16  726.4   726  4.442E+06  7.338E-02  2.142E+05  9.020E+04   71.8   71.5    2.1    4.0    3.0    2.0    2.0    2.5    2.0\
2020  1  2   2 12.00  480.0   40.0  255.0  4.033E+06  1.572E+04  2.840E+02 1.389E-16  726.4   726  4.319E+06  5.544E-02  2.127E+05  8.175E+04   71.8   71.5    2.1    4.0    3.0    2.0    2.0    2.5    2.0\
2020  1  2   2 12.00  485.0   40.0  255.0  3.605E+06  1.292E+04  2.270E+02 1.264E-16  726.4   726  4.200E+06  4.190E-02  2.112E+05  7.411E+04   71.8   71.5    2.1    4.0    3.0    2.0    2.0    2.5    2.0\
2020  1  2   2 12.00  490.0   40.0  255.0  3.223E+06  1.062E+04  1.814E+02 1.152E-16  726.4   726  4.084E+06  3.168E-02  2.098E+05  6.719E+04   71.8   71.5    2.1    4.0    3.0    2.0    2.0    2.5    2.0\
2020  1  2   2 12.00  495.0   40.0  255.0  2.882E+06  8.731E+03  1.451E+02 1.052E-16  726.4   726  3.971E+06  2.396E-02  2.083E+05  6.092E+04   71.8   71.5    2.1    4.0    3.0    2.0    2.0    2.5    2.0\
2020  1  2   2 12.00  500.0   40.0  255.0  2.578E+06  7.181E+03  1.161E+02 9.616E-17  726.4   726  3.862E+06  1.813E-02  2.069E+05  5.525E+04   71.8   71.5    2.1    4.0    3.0    2.0    2.0    2.5    2.0\
2020  1  2   2 12.00  505.0   40.0  255.0  2.306E+06  5.908E+03  9.286E+01 8.805E-17  726.4   726  3.756E+06  1.373E-02  2.054E+05  5.011E+04   71.8   71.5    2.1    4.0    3.0    2.0    2.0    2.5    2.0\
2020  1  2   2 12.00  510.0   40.0  255.0  2.063E+06  4.862E+03  7.433E+01 8.075E-17  726.4   726  3.653E+06  1.040E-02  2.040E+05  4.546E+04   71.8   71.5    2.1    4.0    3.0    2.0    2.0    2.5    2.0\
2020  1  2   2 12.00  515.0   40.0  255.0  1.846E+06  4.002E+03  5.951E+01 7.418E-17  726.4   726  3.553E+06  7.878E-03  2.026E+05  4.124E+04   71.8   71.5    2.1    4.0    3.0    2.0    2.0    2.5    2.0\
2020  1  2   2 12.00  520.0   40.0  255.0  1.652E+06  3.295E+03  4.766E+01 6.826E-17  726.4   726  3.455E+06  5.971E-03  2.012E+05  3.743E+04   71.8   71.5    2.1    4.0    3.0    2.0    2.0    2.5    2.0\
2020  1  2   2 12.00  525.0   40.0  255.0  1.479E+06  2.714E+03  3.819E+01 6.292E-17  726.4   726  3.361E+06  4.527E-03  1.998E+05  3.396E+04   71.8   71.5    2.1    4.0    3.0    2.0    2.0    2.5    2.0\
2020  1  2   2 12.00  530.0   40.0  255.0  1.324E+06  2.236E+03  3.061E+01 5.809E-17  726.4   726  3.269E+06  3.434E-03  1.984E+05  3.083E+04   71.8   71.5    2.1    4.0    3.0    2.0    2.0    2.5    2.0\
2020  1  2   2 12.00  535.0   40.0  255.0  1.185E+06  1.842E+03  2.454E+01 5.374E-17  726.4   726  3.180E+06  2.606E-03  1.971E+05  2.799E+04   71.8   71.5    2.1    4.0    3.0    2.0    2.0    2.5    2.0\
2020  1  2   2 12.00  540.0   40.0  255.0  1.061E+06  1.519E+03  1.968E+01 4.979E-17  726.4   726  3.094E+06  1.979E-03  1.957E+05  2.541E+04   71.8   71.5    2.1    4.0    3.0    2.0    2.0    2.5    2.0\
2020  1  2   2 12.00  545.0   40.0  255.0  9.506E+05  1.252E+03  1.579E+01 4.622E-17  726.4   726  3.009E+06  1.503E-03  1.944E+05  2.307E+04   71.8   71.5    2.1    4.0    3.0    2.0    2.0    2.5    2.0\
2020  1  2   2 12.00  550.0   40.0  255.0  8.516E+05  1.033E+03  1.267E+01 4.299E-17  726.4   726  2.928E+06  1.142E-03  1.930E+05  2.095E+04   71.8   71.5    2.1    4.0    3.0    2.0    2.0    2.5    2.0\
2020  1  2   2 12.00  555.0   40.0  255.0  7.630E+05  8.521E+02  1.017E+01 4.005E-17  726.4   726  2.849E+06  8.678E-04  1.917E+05  1.903E+04   71.8   71.5    2.1    4.0    3.0    2.0    2.0    2.5    2.0\
2020  1  2   2 12.00  560.0   40.0  255.0  6.837E+05  7.032E+02  8.165E+00 3.738E-17  726.4   726  2.771E+06  6.599E-04  1.904E+05  1.729E+04   71.8   71.5    2.1    4.0    3.0    2.0    2.0    2.5    2.0\
2020  1  2   2 12.00  565.0   40.0  255.0  6.128E+05  5.804E+02  6.559E+00 3.496E-17  726.4   726  2.697E+06  5.020E-04  1.891E+05  1.571E+04   71.8   71.5    2.1    4.0    3.0    2.0    2.0    2.5    2.0\
2020  1  2   2 12.00  570.0   40.0  255.0  5.493E+05  4.793E+02  5.270E+00 3.275E-17  726.4   726  2.624E+06  3.820E-04  1.878E+05  1.427E+04   71.8   71.5    2.1    4.0    3.0    2.0    2.0    2.5    2.0\
2020  1  2   2 12.00  575.0   40.0  255.0  4.924E+05  3.958E+02  4.236E+00 3.073E-17  726.4   726  2.553E+06  2.908E-04  1.865E+05  1.297E+04   71.8   71.5    2.1    4.0    3.0    2.0    2.0    2.5    2.0\
2020  1  2   2 12.00  580.0   40.0  255.0  4.415E+05  3.270E+02  3.405E+00 2.889E-17  726.4   726  2.484E+06  2.215E-04  1.853E+05  1.179E+04   71.8   71.5    2.1    4.0    3.0    2.0    2.0    2.5    2.0\
2020  1  2   2 12.00  585.0   40.0  255.0  3.960E+05  2.702E+02  2.739E+00 2.721E-17  726.4   726  2.418E+06  1.687E-04  1.840E+05  1.072E+04   71.8   71.5    2.1    4.0    3.0    2.0    2.0    2.5    2.0\
2020  1  2   2 12.00  590.0   40.0  255.0  3.552E+05  2.234E+02  2.203E+00 2.566E-17  726.4   726  2.353E+06  1.286E-04  1.828E+05  9.745E+03   71.8   71.5    2.1    4.0    3.0    2.0    2.0    2.5    2.0\
2020  1  2   2 12.00  595.0   40.0  255.0  3.186E+05  1.847E+02  1.773E+00 2.425E-17  726.4   726  2.290E+06  9.807E-05  1.815E+05  8.861E+03   71.8   71.5    2.1    4.0    3.0    2.0    2.0    2.5    2.0\
2020  1  2   2 12.00  600.0   40.0  255.0  2.859E+05  1.528E+02  1.427E+00 2.295E-17  726.4   726  2.229E+06  7.480E-05  1.803E+05  8.058E+03   71.8   71.5    2.1    4.0    3.0    2.0    2.0    2.5    2.0\
2020  1  2   2 12.00  605.0   40.0  255.0  2.565E+05  1.264E+02  1.149E+00 2.175E-17  726.4   726  2.169E+06  5.708E-05  1.791E+05  7.329E+03   71.8   71.5    2.1    4.0    3.0    2.0    2.0    2.5    2.0\
2020  1  2   2 12.00  610.0   40.0  255.0  2.302E+05  1.046E+02  9.259E-01 2.065E-17  726.4   726  2.111E+06  4.357E-05  1.779E+05  6.667E+03   71.8   71.5    2.1    4.0    3.0    2.0    2.0    2.5    2.0\
2020  1  2   2 12.00  615.0   40.0  255.0  2.067E+05  8.656E+01  7.461E-01 1.963E-17  726.4   726  2.055E+06  3.328E-05  1.767E+05  6.066E+03   71.8   71.5    2.1    4.0    3.0    2.0    2.0    2.5    2.0\
2020  1  2   2 12.00  620.0   40.0  255.0  1.855E+05  7.167E+01  6.014E-01 1.869E-17  726.4   726  2.000E+06  2.542E-05  1.755E+05  5.520E+03   71.8   71.5    2.1    4.0    3.0    2.0    2.0    2.5    2.0\
2020  1  2   2 12.00  625.0   40.0  255.0  1.666E+05  5.935E+01  4.849E-01 1.782E-17  726.4   726  1.947E+06  1.943E-05  1.743E+05  5.023E+03   71.8   71.5    2.1    4.0    3.0    2.0    2.0    2.5    2.0\
2020  1  2   2 12.00  630.0   40.0  255.0  1.496E+05  4.917E+01  3.910E-01 1.702E-17  726.4   726  1.896E+06  1.486E-05  1.731E+05  4.572E+03   71.8   71.5    2.1    4.0    3.0    2.0    2.0    2.5    2.0\
2020  1  2   2 12.00  635.0   40.0  255.0  1.344E+05  4.074E+01  3.155E-01 1.627E-17  726.4   726  1.845E+06  1.136E-05  1.720E+05  4.162E+03   71.8   71.5    2.1    4.0    3.0    2.0    2.0    2.5    2.0\
2020  1  2   2 12.00  640.0   40.0  255.0  1.207E+05  3.377E+01  2.546E-01 1.557E-17  726.4   726  1.797E+06  8.694E-06  1.708E+05  3.789E+03   71.8   71.5    2.1    4.0    3.0    2.0    2.0    2.5    2.0\
2020  1  2   2 12.00  645.0   40.0  255.0  1.085E+05  2.800E+01  2.055E-01 1.491E-17  726.4   726  1.749E+06  6.655E-06  1.697E+05  3.450E+03   71.8   71.5    2.1    4.0    3.0    2.0    2.0    2.5    2.0\
2020  1  2   2 12.00  650.0   40.0  255.0  9.747E+04  2.322E+01  1.660E-01 1.431E-17  726.4   726  1.703E+06  5.096E-06  1.686E+05  3.142E+03   71.8   71.5    2.1    4.0    3.0    2.0    2.0    2.5    2.0\
2020  1  2   2 12.00  655.0   40.0  255.0  8.761E+04  1.926E+01  1.341E-01 1.374E-17  726.4   726  1.658E+06  3.903E-06  1.674E+05  2.861E+03   71.8   71.5    2.1    4.0    3.0    2.0    2.0    2.5    2.0\
2020  1  2   2 12.00  660.0   40.0  255.0  7.875E+04  1.598E+01  1.083E-01 1.320E-17  726.4   726  1.615E+06  2.991E-06  1.663E+05  2.606E+03   71.8   71.5    2.1    4.0    3.0    2.0    2.0    2.5    2.0\
2020  1  2   2 12.00  665.0   40.0  255.0  7.080E+04  1.326E+01  8.755E-02 1.270E-17  726.4   726  1.572E+06  2.293E-06  1.652E+05  2.375E+03   71.8   71.5    2.1    4.0    3.0    2.0    2.0    2.5    2.0\
2020  1  2   2 12.00  670.0   40.0  255.0  6.366E+04  1.101E+01  7.078E-02 1.223E-17  726.4   726  1.531E+06  1.759E-06  1.641E+05  2.164E+03   71.8   71.5    2.1    4.0    3.0    2.0    2.0    2.5    2.0\
2020  1  2   2 12.00  675.0   40.0  255.0  5.725E+04  9.144E+00  5.724E-02 1.179E-17  726.4   726  1.491E+06  1.349E-06  1.631E+05  1.972E+03   71.8   71.5    2.1    4.0    3.0    2.0    2.0    2.5    2.0\
2020  1  2   2 12.00  680.0   40.0  255.0  5.149E+04  7.595E+00  4.631E-02 1.137E-17  726.4   726  1.452E+06  1.035E-06  1.620E+05  1.797E+03   71.8   71.5    2.1    4.0    3.0    2.0    2.0    2.5    2.0\
2020  1  2   2 12.00  685.0   40.0  255.0  4.632E+04  6.310E+00  3.747E-02 1.097E-17  726.4   726  1.414E+06  7.950E-07  1.609E+05  1.638E+03   71.8   71.5    2.1    4.0    3.0    2.0    2.0    2.5    2.0\
2020  1  2   2 12.00  690.0   40.0  255.0  4.167E+04  5.244E+00  3.033E-02 1.060E-17  726.4   726  1.377E+06  6.106E-07  1.599E+05  1.493E+03   71.8   71.5    2.1    4.0    3.0    2.0    2.0    2.5    2.0\
2020  1  2   2 12.00  695.0   40.0  255.0  3.750E+04  4.359E+00  2.456E-02 1.024E-17  726.4   726  1.341E+06  4.692E-07  1.588E+05  1.361E+03   71.8   71.5    2.1    4.0    3.0    2.0    2.0    2.5    2.0\
2020  1  2   2 12.00  700.0   40.0  255.0  3.375E+04  3.625E+00  1.989E-02 9.908E-18  726.4   726  1.306E+06  3.606E-07  1.578E+05  1.241E+03   71.8   71.5    2.1    4.0    3.0    2.0    2.0    2.5    2.0\
2020  1  2   2 12.00  705.0   40.0  255.0  3.038E+04  3.015E+00  1.612E-02 9.589E-18  726.4   726  1.272E+06  2.773E-07  1.567E+05  1.132E+03   71.8   71.5    2.1    4.0    3.0    2.0    2.0    2.5    2.0\
2020  1  2   2 12.00  710.0   40.0  255.0  2.735E+04  2.508E+00  1.306E-02 9.284E-18  726.4   726  1.239E+06  2.133E-07  1.557E+05  1.033E+03   71.8   71.5    2.1    4.0    3.0    2.0    2.0    2.5    2.0\
2020  1  2   2 12.00  715.0   40.0  255.0  2.462E+04  2.087E+00  1.059E-02 8.994E-18  726.4   726  1.207E+06  1.641E-07  1.547E+05  9.419E+02   71.8   71.5    2.1    4.0    3.0    2.0    2.0    2.5    2.0\
2020  1  2   2 12.00  720.0   40.0  255.0  2.217E+04  1.737E+00  8.587E-03 8.717E-18  726.4   726  1.176E+06  1.263E-07  1.537E+05  8.594E+02   71.8   71.5    2.1    4.0    3.0    2.0    2.0    2.5    2.0\
2020  1  2   2 12.00  725.0   40.0  255.0  1.997E+04  1.446E+00  6.966E-03 8.453E-18  726.4   726  1.146E+06  9.729E-08  1.527E+05  7.841E+02   71.8   71.5    2.1    4.0    3.0    2.0    2.0    2.5    2.0\
2020  1  2   2 12.00  730.0   40.0  255.0  1.799E+04  1.205E+00  5.652E-03 8.200E-18  726.4   726  1.116E+06  7.495E-08  1.517E+05  7.156E+02   71.8   71.5    2.1    4.0    3.0    2.0    2.0    2.5    2.0\
2020  1  2   2 12.00  735.0   40.0  255.0  1.621E+04  1.003E+00  4.587E-03 7.958E-18  726.4   726  1.087E+06  5.776E-08  1.507E+05  6.531E+02   71.8   71.5    2.1    4.0    3.0    2.0    2.0    2.5    2.0\
2020  1  2   2 12.00  740.0   40.0  255.0  1.460E+04  8.361E-01  3.724E-03 7.726E-18  726.4   726  1.059E+06  4.453E-08  1.497E+05  5.962E+02   71.8   71.5    2.1    4.0    3.0    2.0    2.0    2.5    2.0\
2020  1  2   2 12.00  745.0   40.0  255.0  1.316E+04  6.968E-01  3.025E-03 7.504E-18  726.4   726  1.032E+06  3.434E-08  1.487E+05  5.443E+02   71.8   71.5    2.1    4.0    3.0    2.0    2.0    2.5    2.0}