Since the F10.7 (3-month avg) of the requested date is not yet available, the value of F10.7 (daily) is used instead as the value of F10.7 (3-monthavg).
Year Mon Day DOY hour Heit(km) Lat  Lon Oden(cm-3) N2den(cm-3) O2den(cm-3) air(gm/cm3) T(K) exoT(K) Heden(cm-3)Arden(cm-3) Hden(cm-3) Nden(cm-3) F107 F107a apdaily  ap0-3 ap3-6 ap6-9 ap9-12 ap12-33 ap33-59
2026  4  3  93  0.00    0.0   55.0   45.0  0.000E+00  2.084E+19  5.591E+18 1.282E-03  274.8  1027  1.399E+14  2.493E+17  0.000E+00  0.000E+00  140.2  140.2   47.4   22.0   22.0   39.0   80.0   28.6    7.2
2026  4  3  93  0.00    5.0   55.0   45.0  0.000E+00  1.216E+19  3.262E+18 7.481E-04  245.8  1027  8.160E+13  1.454E+17  0.000E+00  0.000E+00  140.2  140.2   47.4   22.0   22.0   39.0   80.0   28.6    7.2
2026  4  3  93  0.00   10.0   55.0   45.0  0.000E+00  6.513E+18  1.747E+18 4.007E-04  218.5  1027  4.371E+13  7.791E+16  0.000E+00  0.000E+00  140.2  140.2   47.4   22.0   22.0   39.0   80.0   28.6    7.2
2026  4  3  93  0.00   15.0   55.0   45.0  0.000E+00  2.985E+18  8.007E+17 1.836E-04  217.6  1027  2.003E+13  3.570E+16  0.000E+00  0.000E+00  140.2  140.2   47.4   22.0   22.0   39.0   80.0   28.6    7.2
2026  4  3  93  0.00   20.0   55.0   45.0  0.000E+00  1.374E+18  3.686E+17 8.454E-05  216.0  1027  9.221E+12  1.644E+16  0.000E+00  0.000E+00  140.2  140.2   47.4   22.0   22.0   39.0   80.0   28.6    7.2
2026  4  3  93  0.00   25.0   55.0   45.0  0.000E+00  6.213E+17  1.667E+17 3.823E-05  218.2  1027  4.170E+12  7.432E+15  0.000E+00  0.000E+00  140.2  140.2   47.4   22.0   22.0   39.0   80.0   28.6    7.2
2026  4  3  93  0.00   30.0   55.0   45.0  0.000E+00  2.793E+17  7.493E+16 1.718E-05  226.1  1027  1.874E+12  3.341E+15  0.000E+00  0.000E+00  140.2  140.2   47.4   22.0   22.0   39.0   80.0   28.6    7.2
2026  4  3  93  0.00   35.0   55.0   45.0  0.000E+00  1.273E+17  3.416E+16 7.835E-06  239.2  1027  8.546E+11  1.523E+15  0.000E+00  0.000E+00  140.2  140.2   47.4   22.0   22.0   39.0   80.0   28.6    7.2
2026  4  3  93  0.00   40.0   55.0   45.0  0.000E+00  5.979E+16  1.604E+16 3.679E-06  258.2  1027  4.013E+11  7.152E+14  0.000E+00  0.000E+00  140.2  140.2   47.4   22.0   22.0   39.0   80.0   28.6    7.2
2026  4  3  93  0.00   45.0   55.0   45.0  0.000E+00  3.019E+16  8.100E+15 1.858E-06  271.1  1027  2.026E+11  3.612E+14  0.000E+00  0.000E+00  140.2  140.2   47.4   22.0   22.0   39.0   80.0   28.6    7.2
2026  4  3  93  0.00   50.0   55.0   45.0  0.000E+00  1.651E+16  4.428E+15 1.016E-06  265.7  1027  1.108E+11  1.975E+14  0.000E+00  0.000E+00  140.2  140.2   47.4   22.0   22.0   39.0   80.0   28.6    7.2
2026  4  3  93  0.00   55.0   55.0   45.0  0.000E+00  9.091E+15  2.439E+15 5.593E-07  252.0  1027  6.101E+10  1.087E+14  0.000E+00  0.000E+00  140.2  140.2   47.4   22.0   22.0   39.0   80.0   28.6    7.2
2026  4  3  93  0.00   60.0   55.0   45.0  0.000E+00  4.803E+15  1.288E+15 2.955E-07  241.2  1027  3.223E+10  5.745E+13  0.000E+00  0.000E+00  140.2  140.2   47.4   22.0   22.0   39.0   80.0   28.6    7.2
2026  4  3  93  0.00   65.0   55.0   45.0  0.000E+00  2.455E+15  6.546E+14 1.508E-07  232.6  1027  1.651E+10  2.935E+13  0.000E+00  0.000E+00  140.2  140.2   47.4   22.0   22.0   39.0   80.0   28.6    7.2
2026  4  3  93  0.00   70.0   55.0   45.0  0.000E+00  1.227E+15  3.233E+14 7.519E-08  223.6  1027  8.287E+09  1.466E+13  0.000E+00  0.000E+00  140.2  140.2   47.4   22.0   22.0   39.0   80.0   28.6    7.2
2026  4  3  93  0.00   75.0   55.0   45.0  3.317E+07  5.988E+14  1.559E+14 3.659E-08  213.4  1027  4.066E+09  7.143E+12  3.483E-04  3.827E+04  140.2  140.2   47.4   22.0   22.0   39.0   80.0   28.6    7.2
2026  4  3  93  0.00   80.0   55.0   45.0  1.987E+09  2.796E+14  7.176E+13 1.703E-08  206.7  1027  1.924E+09  3.324E+12  2.309E+07  5.682E+04  140.2  140.2   47.4   22.0   22.0   39.0   80.0   28.6    7.2
2026  4  3  93  0.00   85.0   55.0   45.0  3.413E+10  1.278E+14  3.210E+13 7.745E-09  199.8  1027  9.050E+08  1.508E+12  1.082E+08  8.409E+04  140.2  140.2   47.4   22.0   22.0   39.0   80.0   28.6    7.2
2026  4  3  93  0.00   90.0   55.0   45.0  1.693E+11  5.771E+13  1.403E+13 3.477E-09  189.2  1027  4.352E+08  6.704E+11  6.303E+07  1.240E+05  140.2  140.2   47.4   22.0   22.0   39.0   80.0   28.6    7.2
2026  4  3  93  0.00   95.0   55.0   45.0  3.214E+11  2.508E+13  5.795E+12 1.501E-09  176.6  1027  2.166E+08  2.809E+11  3.326E+07  1.772E+05  140.2  140.2   47.4   22.0   22.0   39.0   80.0   28.6    7.2
2026  4  3  93  0.00  100.0   55.0   45.0  3.116E+11  9.840E+12  2.098E+12 5.839E-10  177.3  1027  1.121E+08  1.016E+11  1.887E+07  2.332E+05  140.2  140.2   47.4   22.0   22.0   39.0   80.0   28.6    7.2
2026  4  3  93  0.00  105.0   55.0   45.0  2.063E+11  3.582E+12  6.835E+11 2.104E-10  206.8  1027  6.309E+07  3.194E+10  1.131E+07  2.917E+05  140.2  140.2   47.4   22.0   22.0   39.0   80.0   28.6    7.2
2026  4  3  93  0.00  110.0   55.0   45.0  1.222E+11  1.394E+12  2.339E+11 8.115E-11  266.9  1027  3.984E+07  1.036E+10  6.981E+06  3.813E+05  140.2  140.2   47.4   22.0   22.0   39.0   80.0   28.6    7.2
2026  4  3  93  0.00  115.0   55.0   45.0  7.638E+10  6.458E+11  9.492E+10 3.736E-11  338.6  1027  2.832E+07  4.062E+09  4.503E+06  5.515E+05  140.2  140.2   47.4   22.0   22.0   39.0   80.0   28.6    7.2
2026  4  3  93  0.00  120.0   55.0   45.0  5.163E+10  3.494E+11  4.507E+10 2.013E-11  407.6  1027  2.209E+07  1.920E+09  3.020E+06  8.513E+05  140.2  140.2   47.4   22.0   22.0   39.0   80.0   28.6    7.2
2026  4  3  93  0.00  125.0   55.0   45.0  3.673E+10  2.086E+11  2.375E+10 1.200E-11  475.4  1110  1.825E+07  1.024E+09  2.067E+06  1.320E+06  140.2  140.2   47.4   22.0   22.0   39.0   80.0   28.6    7.2
2026  4  3  93  0.00  130.0   55.0   45.0  2.735E+10  1.344E+11  1.364E+10 7.740E-12  539.3  1110  1.574E+07  5.951E+08  1.443E+06  2.012E+06  140.2  140.2   47.4   22.0   22.0   39.0   80.0   28.6    7.2
2026  4  3  93  0.00  135.0   55.0   45.0  2.118E+10  9.189E+10  8.413E+09 5.305E-12  596.6  1110  1.400E+07  3.677E+08  1.031E+06  2.970E+06  140.2  140.2   47.4   22.0   22.0   39.0   80.0   28.6    7.2
2026  4  3  93  0.00  140.0   55.0   45.0  1.690E+10  6.558E+10  5.487E+09 3.804E-12  648.1  1110  1.272E+07  2.373E+08  7.538E+05  4.204E+06  140.2  140.2   47.4   22.0   22.0   39.0   80.0   28.6    7.2
2026  4  3  93  0.00  145.0   55.0   45.0  1.381E+10  4.836E+10  3.744E+09 2.824E-12  694.3  1110  1.172E+07  1.584E+08  5.655E+05  5.679E+06  140.2  140.2   47.4   22.0   22.0   39.0   80.0   28.6    7.2
2026  4  3  93  0.00  150.0   55.0   45.0  1.149E+10  3.659E+10  2.649E+09 2.154E-12  735.9  1110  1.092E+07  1.088E+08  4.360E+05  7.314E+06  140.2  140.2   47.4   22.0   22.0   39.0   80.0   28.6    7.2
2026  4  3  93  0.00  155.0   55.0   45.0  9.709E+09  2.826E+10  1.930E+09 1.679E-12  773.2  1110  1.026E+07  7.651E+07  3.456E+05  8.996E+06  140.2  140.2   47.4   22.0   22.0   39.0   80.0   28.6    7.2
2026  4  3  93  0.00  160.0   55.0   45.0  8.305E+09  2.219E+10  1.440E+09 1.332E-12  806.8  1110  9.701E+06  5.492E+07  2.816E+05  1.060E+07  140.2  140.2   47.4   22.0   22.0   39.0   80.0   28.6    7.2
2026  4  3  93  0.00  165.0   55.0   45.0  7.177E+09  1.766E+10  1.096E+09 1.073E-12  837.0  1110  9.217E+06  4.011E+07  2.357E+05  1.202E+07  140.2  140.2   47.4   22.0   22.0   39.0   80.0   28.6    7.2
2026  4  3  93  0.00  170.0   55.0   45.0  6.255E+09  1.423E+10  8.472E+08 8.747E-13  864.1  1110  8.795E+06  2.972E+07  2.022E+05  1.316E+07  140.2  140.2   47.4   22.0   22.0   39.0   80.0   28.6    7.2
2026  4  3  93  0.00  175.0   55.0   45.0  5.491E+09  1.157E+10  6.638E+08 7.208E-13  888.5  1110  8.422E+06  2.230E+07  1.773E+05  1.398E+07  140.2  140.2   47.4   22.0   22.0   39.0   80.0   28.6    7.2
2026  4  3  93  0.00  180.0   55.0   45.0  4.851E+09  9.490E+09  5.259E+08 5.994E-13  910.4  1110  8.088E+06  1.692E+07  1.586E+05  1.447E+07  140.2  140.2   47.4   22.0   22.0   39.0   80.0   28.6    7.2
2026  4  3  93  0.00  185.0   55.0   45.0  4.307E+09  7.839E+09  4.206E+08 5.024E-13  930.1  1110  7.787E+06  1.295E+07  1.444E+05  1.466E+07  140.2  140.2   47.4   22.0   22.0   39.0   80.0   28.6    7.2
2026  4  3  93  0.00  190.0   55.0   45.0  3.843E+09  6.515E+09  3.391E+08 4.240E-13  947.9  1110  7.514E+06  9.997E+06  1.334E+05  1.456E+07  140.2  140.2   47.4   22.0   22.0   39.0   80.0   28.6    7.2
2026  4  3  93  0.00  195.0   55.0   45.0  3.442E+09  5.444E+09  2.753E+08 3.600E-13  963.8  1110  7.264E+06  7.771E+06  1.248E+05  1.425E+07  140.2  140.2   47.4   22.0   22.0   39.0   80.0   28.6    7.2
2026  4  3  93  0.00  200.0   55.0   45.0  3.094E+09  4.571E+09  2.248E+08 3.073E-13  978.2  1110  7.033E+06  6.077E+06  1.180E+05  1.377E+07  140.2  140.2   47.4   22.0   22.0   39.0   80.0   28.6    7.2
2026  4  3  93  0.00  205.0   55.0   45.0  2.790E+09  3.853E+09  1.846E+08 2.637E-13  991.1  1110  6.813E+06  4.779E+06  1.126E+05  1.317E+07  140.2  140.2   47.4   22.0   22.0   39.0   80.0   28.6    7.2
2026  4  3  93  0.00  210.0   55.0   45.0  2.522E+09  3.260E+09  1.522E+08 2.272E-13 1002.8  1110  6.615E+06  3.776E+06  1.082E+05  1.249E+07  140.2  140.2   47.4   22.0   22.0   39.0   80.0   28.6    7.2
2026  4  3  93  0.00  215.0   55.0   45.0  2.286E+09  2.767E+09  1.260E+08 1.965E-13 1013.3  1110  6.430E+06  2.996E+06  1.046E+05  1.177E+07  140.2  140.2   47.4   22.0   22.0   39.0   80.0   28.6    7.2
2026  4  3  93  0.00  220.0   55.0   45.0  2.076E+09  2.356E+09  1.047E+08 1.706E-13 1022.7  1110  6.256E+06  2.386E+06  1.017E+05  1.103E+07  140.2  140.2   47.4   22.0   22.0   39.0   80.0   28.6    7.2
2026  4  3  93  0.00  225.0   55.0   45.0  1.889E+09  2.010E+09  8.724E+07 1.487E-13 1031.2  1110  6.092E+06  1.907E+06  9.919E+04  1.030E+07  140.2  140.2   47.4   22.0   22.0   39.0   80.0   28.6    7.2
2026  4  3  93  0.00  230.0   55.0   45.0  1.722E+09  1.719E+09  7.291E+07 1.299E-13 1038.9  1110  5.937E+06  1.528E+06  9.711E+04  9.592E+06  140.2  140.2   47.4   22.0   22.0   39.0   80.0   28.6    7.2
2026  4  3  93  0.00  235.0   55.0   45.0  1.572E+09  1.474E+09  6.109E+07 1.138E-13 1045.8  1110  5.789E+06  1.228E+06  9.533E+04  8.911E+06  140.2  140.2   47.4   22.0   22.0   39.0   80.0   28.6    7.2
2026  4  3  93  0.00  240.0   55.0   45.0  1.437E+09  1.265E+09  5.129E+07 1.000E-13 1052.0  1110  5.648E+06  9.897E+05  9.380E+04  8.265E+06  140.2  140.2   47.4   22.0   22.0   39.0   80.0   28.6    7.2
2026  4  3  93  0.00  245.0   55.0   45.0  1.316E+09  1.088E+09  4.316E+07 8.809E-14 1057.6  1110  5.514E+06  7.994E+05  9.246E+04  7.659E+06  140.2  140.2   47.4   22.0   22.0   39.0   80.0   28.6    7.2
2026  4  3  93  0.00  250.0   55.0   45.0  1.206E+09  9.376E+08  3.638E+07 7.777E-14 1062.6  1110  5.385E+06  6.467E+05  9.128E+04  7.093E+06  140.2  140.2   47.4   22.0   22.0   39.0   80.0   28.6    7.2
2026  4  3  93  0.00  255.0   55.0   45.0  1.106E+09  8.087E+08  3.071E+07 6.881E-14 1067.2  1110  5.262E+06  5.242E+05  9.024E+04  6.566E+06  140.2  140.2   47.4   22.0   22.0   39.0   80.0   28.6    7.2
2026  4  3  93  0.00  260.0   55.0   45.0  1.015E+09  6.984E+08  2.597E+07 6.101E-14 1071.3  1110  5.144E+06  4.255E+05  8.930E+04  6.079E+06  140.2  140.2   47.4   22.0   22.0   39.0   80.0   28.6    7.2
2026  4  3  93  0.00  265.0   55.0   45.0  9.327E+08  6.039E+08  2.199E+07 5.419E-14 1075.0  1110  5.030E+06  3.460E+05  8.844E+04  5.628E+06  140.2  140.2   47.4   22.0   22.0   39.0   80.0   28.6    7.2
2026  4  3  93  0.00  270.0   55.0   45.0  8.576E+08  5.226E+08  1.864E+07 4.823E-14 1078.3  1110  4.920E+06  2.817E+05  8.766E+04  5.212E+06  140.2  140.2   47.4   22.0   22.0   39.0   80.0   28.6    7.2
2026  4  3  93  0.00  275.0   55.0   45.0  7.891E+08  4.528E+08  1.581E+07 4.300E-14 1081.4  1110  4.813E+06  2.296E+05  8.693E+04  4.828E+06  140.2  140.2   47.4   22.0   22.0   39.0   80.0   28.6    7.2
2026  4  3  93  0.00  280.0   55.0   45.0  7.265E+08  3.926E+08  1.343E+07 3.840E-14 1084.1  1110  4.711E+06  1.874E+05  8.626E+04  4.475E+06  140.2  140.2   47.4   22.0   22.0   39.0   80.0   28.6    7.2
2026  4  3  93  0.00  285.0   55.0   45.0  6.693E+08  3.406E+08  1.142E+07 3.435E-14 1086.5  1110  4.611E+06  1.531E+05  8.562E+04  4.150E+06  140.2  140.2   47.4   22.0   22.0   39.0   80.0   28.6    7.2
2026  4  3  93  0.00  290.0   55.0   45.0  6.168E+08  2.958E+08  9.720E+06 3.078E-14 1088.7  1110  4.515E+06  1.252E+05  8.502E+04  3.850E+06  140.2  140.2   47.4   22.0   22.0   39.0   80.0   28.6    7.2
2026  4  3  93  0.00  295.0   55.0   45.0  5.688E+08  2.570E+08  8.278E+06 2.761E-14 1090.7  1110  4.421E+06  1.025E+05  8.446E+04  3.574E+06  140.2  140.2   47.4   22.0   22.0   39.0   80.0   28.6    7.2
2026  4  3  93  0.00  300.0   55.0   45.0  5.247E+08  2.235E+08  7.055E+06 2.481E-14 1092.5  1110  4.330E+06  8.399E+04  8.391E+04  3.321E+06  140.2  140.2   47.4   22.0   22.0   39.0   80.0   28.6    7.2
2026  4  3  93  0.00  305.0   55.0   45.0  4.842E+08  1.944E+08  6.017E+06 2.232E-14 1094.2  1110  4.242E+06  6.886E+04  8.339E+04  3.086E+06  140.2  140.2   47.4   22.0   22.0   39.0   80.0   28.6    7.2
2026  4  3  93  0.00  310.0   55.0   45.0  4.471E+08  1.693E+08  5.135E+06 2.011E-14 1095.6  1110  4.156E+06  5.651E+04  8.289E+04  2.869E+06  140.2  140.2   47.4   22.0   22.0   39.0   80.0   28.6    7.2
2026  4  3  93  0.00  315.0   55.0   45.0  4.129E+08  1.474E+08  4.385E+06 1.814E-14 1097.0  1110  4.072E+06  4.640E+04  8.240E+04  2.668E+06  140.2  140.2   47.4   22.0   22.0   39.0   80.0   28.6    7.2
2026  4  3  93  0.00  320.0   55.0   45.0  3.815E+08  1.285E+08  3.746E+06 1.639E-14 1098.2  1110  3.991E+06  3.812E+04  8.193E+04  2.483E+06  140.2  140.2   47.4   22.0   22.0   39.0   80.0   28.6    7.2
2026  4  3  93  0.00  325.0   55.0   45.0  3.526E+08  1.120E+08  3.203E+06 1.482E-14 1099.2  1110  3.912E+06  3.134E+04  8.141E+04  2.312E+06  140.2  140.2   47.4   22.0   22.0   39.0   80.0   28.6    7.2
2026  4  3  93  0.00  330.0   55.0   45.0  3.259E+08  9.766E+07  2.739E+06 1.342E-14 1100.2  1110  3.834E+06  2.578E+04  8.097E+04  2.153E+06  140.2  140.2   47.4   22.0   22.0   39.0   80.0   28.6    7.2
2026  4  3  93  0.00  335.0   55.0   45.0  3.014E+08  8.520E+07  2.344E+06 1.216E-14 1101.1  1110  3.759E+06  2.122E+04  8.054E+04  2.006E+06  140.2  140.2   47.4   22.0   22.0   39.0   80.0   28.6    7.2
2026  4  3  93  0.00  340.0   55.0   45.0  2.788E+08  7.437E+07  2.006E+06 1.104E-14 1101.9  1110  3.685E+06  1.748E+04  8.012E+04  1.870E+06  140.2  140.2   47.4   22.0   22.0   39.0   80.0   28.6    7.2
2026  4  3  93  0.00  345.0   55.0   45.0  2.579E+08  6.493E+07  1.718E+06 1.002E-14 1102.6  1110  3.613E+06  1.440E+04  7.970E+04  1.744E+06  140.2  140.2   47.4   22.0   22.0   39.0   80.0   28.6    7.2
2026  4  3  93  0.00  350.0   55.0   45.0  2.386E+08  5.671E+07  1.472E+06 9.115E-15 1103.3  1110  3.543E+06  1.187E+04  7.929E+04  1.627E+06  140.2  140.2   47.4   22.0   22.0   39.0   80.0   28.6    7.2
2026  4  3  93  0.00  355.0   55.0   45.0  2.209E+08  4.955E+07  1.262E+06 8.296E-15 1103.9  1110  3.475E+06  9.790E+03  7.888E+04  1.518E+06  140.2  140.2   47.4   22.0   22.0   39.0   80.0   28.6    7.2
2026  4  3  93  0.00  360.0   55.0   45.0  2.045E+08  4.331E+07  1.082E+06 7.557E-15 1104.4  1110  3.408E+06  8.078E+03  7.848E+04  1.417E+06  140.2  140.2   47.4   22.0   22.0   39.0   80.0   28.6    7.2
2026  4  3  93  0.00  365.0   55.0   45.0  1.893E+08  3.786E+07  9.277E+05 6.891E-15 1104.9  1110  3.342E+06  6.668E+03  7.809E+04  1.323E+06  140.2  140.2   47.4   22.0   22.0   39.0   80.0   28.6    7.2
2026  4  3  93  0.00  370.0   55.0   45.0  1.753E+08  3.311E+07  7.959E+05 6.289E-15 1105.3  1110  3.278E+06  5.506E+03  7.769E+04  1.236E+06  140.2  140.2   47.4   22.0   22.0   39.0   80.0   28.6    7.2
2026  4  3  93  0.00  375.0   55.0   45.0  1.624E+08  2.897E+07  6.831E+05 5.745E-15 1105.7  1110  3.216E+06  4.549E+03  7.731E+04  1.155E+06  140.2  140.2   47.4   22.0   22.0   39.0   80.0   28.6    7.2
2026  4  3  93  0.00  380.0   55.0   45.0  1.505E+08  2.535E+07  5.864E+05 5.252E-15 1106.1  1110  3.154E+06  3.759E+03  7.693E+04  1.079E+06  140.2  140.2   47.4   22.0   22.0   39.0   80.0   28.6    7.2
2026  4  3  93  0.00  385.0   55.0   45.0  1.394E+08  2.218E+07  5.036E+05 4.805E-15 1106.4  1110  3.094E+06  3.108E+03  7.655E+04  1.009E+06  140.2  140.2   47.4   22.0   22.0   39.0   80.0   28.6    7.2
2026  4  3  93  0.00  390.0   55.0   45.0  1.292E+08  1.942E+07  4.326E+05 4.400E-15 1106.7  1110  3.036E+06  2.570E+03  7.617E+04  9.429E+05  140.2  140.2   47.4   22.0   22.0   39.0   80.0   28.6    7.2
2026  4  3  93  0.00  395.0   55.0   45.0  1.197E+08  1.701E+07  3.717E+05 4.031E-15 1107.0  1110  2.978E+06  2.127E+03  7.580E+04  8.817E+05  140.2  140.2   47.4   22.0   22.0   39.0   80.0   28.6    7.2
2026  4  3  93  0.00  400.0   55.0   45.0  1.110E+08  1.490E+07  3.195E+05 3.697E-15 1107.2  1110  2.922E+06  1.760E+03  7.543E+04  8.246E+05  140.2  140.2   47.4   22.0   22.0   39.0   80.0   28.6    7.2
2026  4  3  93  0.00  405.0   55.0   45.0  1.029E+08  1.305E+07  2.747E+05 3.392E-15 1107.4  1110  2.867E+06  1.457E+03  7.507E+04  7.714E+05  140.2  140.2   47.4   22.0   22.0   39.0   80.0   28.6    7.2
2026  4  3  93  0.00  410.0   55.0   45.0  9.543E+07  1.144E+07  2.363E+05 3.115E-15 1107.6  1110  2.814E+06  1.207E+03  7.471E+04  7.217E+05  140.2  140.2   47.4   22.0   22.0   39.0   80.0   28.6    7.2
2026  4  3  93  0.00  415.0   55.0   45.0  8.850E+07  1.003E+07  2.032E+05 2.862E-15 1107.8  1110  2.761E+06  9.998E+02  7.435E+04  6.754E+05  140.2  140.2   47.4   22.0   22.0   39.0   80.0   28.6    7.2
2026  4  3  93  0.00  420.0   55.0   45.0  8.209E+07  8.791E+06  1.749E+05 2.631E-15 1108.0  1110  2.709E+06  8.286E+02  7.400E+04  6.321E+05  140.2  140.2   47.4   22.0   22.0   39.0   80.0   28.6    7.2
2026  4  3  93  0.00  425.0   55.0   45.0  7.615E+07  7.710E+06  1.505E+05 2.421E-15 1108.1  1110  2.659E+06  6.869E+02  7.365E+04  5.917E+05  140.2  140.2   47.4   22.0   22.0   39.0   80.0   28.6    7.2
2026  4  3  93  0.00  430.0   55.0   45.0  7.065E+07  6.762E+06  1.296E+05 2.229E-15 1108.2  1110  2.609E+06  5.696E+02  7.330E+04  5.540E+05  140.2  140.2   47.4   22.0   22.0   39.0   80.0   28.6    7.2
2026  4  3  93  0.00  435.0   55.0   45.0  6.556E+07  5.933E+06  1.116E+05 2.053E-15 1108.3  1110  2.561E+06  4.725E+02  7.295E+04  5.188E+05  140.2  140.2   47.4   22.0   22.0   39.0   80.0   28.6    7.2
2026  4  3  93  0.00  440.0   55.0   45.0  6.084E+07  5.206E+06  9.610E+04 1.892E-15 1108.5  1110  2.513E+06  3.921E+02  7.261E+04  4.858E+05  140.2  140.2   47.4   22.0   22.0   39.0   80.0   28.6    7.2
2026  4  3  93  0.00  445.0   55.0   45.0  5.647E+07  4.570E+06  8.279E+04 1.744E-15 1108.6  1110  2.467E+06  3.254E+02  7.227E+04  4.550E+05  140.2  140.2   47.4   22.0   22.0   39.0   80.0   28.6    7.2
2026  4  3  93  0.00  450.0   55.0   45.0  5.242E+07  4.012E+06  7.134E+04 1.609E-15 1108.6  1110  2.421E+06  2.702E+02  7.193E+04  4.262E+05  140.2  140.2   47.4   22.0   22.0   39.0   80.0   28.6    7.2
2026  4  3  93  0.00  455.0   55.0   45.0  4.866E+07  3.523E+06  6.149E+04 1.485E-15 1108.7  1110  2.377E+06  2.244E+02  7.159E+04  3.988E+05  140.2  140.2   47.4   22.0   22.0   39.0   80.0   28.6    7.2
2026  4  3  93  0.00  460.0   55.0   45.0  4.518E+07  3.094E+06  5.301E+04 1.372E-15 1108.8  1110  2.333E+06  1.864E+02  7.126E+04  3.737E+05  140.2  140.2   47.4   22.0   22.0   39.0   80.0   28.6    7.2
2026  4  3  93  0.00  465.0   55.0   45.0  4.196E+07  2.718E+06  4.572E+04 1.267E-15 1108.9  1110  2.290E+06  1.549E+02  7.092E+04  3.503E+05  140.2  140.2   47.4   22.0   22.0   39.0   80.0   28.6    7.2
2026  4  3  93  0.00  470.0   55.0   45.0  3.897E+07  2.388E+06  3.943E+04 1.171E-15 1108.9  1110  2.248E+06  1.288E+02  7.060E+04  3.283E+05  140.2  140.2   47.4   22.0   22.0   39.0   80.0   28.6    7.2
2026  4  3  93  0.00  475.0   55.0   45.0  3.619E+07  2.098E+06  3.402E+04 1.083E-15 1109.0  1110  2.207E+06  1.071E+02  7.027E+04  3.078E+05  140.2  140.2   47.4   22.0   22.0   39.0   80.0   28.6    7.2
2026  4  3  93  0.00  480.0   55.0   45.0  3.362E+07  1.845E+06  2.936E+04 1.002E-15 1109.0  1110  2.167E+06  8.905E+01  6.994E+04  2.886E+05  140.2  140.2   47.4   22.0   22.0   39.0   80.0   28.6    7.2
2026  4  3  93  0.00  485.0   55.0   45.0  3.123E+07  1.622E+06  2.534E+04 9.275E-16 1109.1  1110  2.127E+06  7.409E+01  6.962E+04  2.706E+05  140.2  140.2   47.4   22.0   22.0   39.0   80.0   28.6    7.2
2026  4  3  93  0.00  490.0   55.0   45.0  2.902E+07  1.426E+06  2.188E+04 8.588E-16 1109.1  1110  2.088E+06  6.165E+01  6.930E+04  2.537E+05  140.2  140.2   47.4   22.0   22.0   39.0   80.0   28.6    7.2
2026  4  3  93  0.00  495.0   55.0   45.0  2.697E+07  1.254E+06  1.889E+04 7.955E-16 1109.2  1110  2.050E+06  5.132E+01  6.898E+04  2.379E+05  140.2  140.2   47.4   22.0   22.0   39.0   80.0   28.6    7.2
2026  4  3  93  0.00  500.0   55.0   45.0  2.506E+07  1.103E+06  1.631E+04 7.372E-16 1109.2  1110  2.013E+06  4.273E+01  6.867E+04  2.231E+05  140.2  140.2   47.4   22.0   22.0   39.0   80.0   28.6    7.2
2026  4  3  93  0.00  505.0   55.0   45.0  2.329E+07  9.706E+05  1.409E+04 6.834E-16 1109.2  1110  1.977E+06  3.559E+01  6.835E+04  2.093E+05  140.2  140.2   47.4   22.0   22.0   39.0   80.0   28.6    7.2
2026  4  3  93  0.00  510.0   55.0   45.0  2.165E+07  8.542E+05  1.218E+04 6.337E-16 1109.3  1110  1.941E+06  2.965E+01  6.804E+04  1.963E+05  140.2  140.2   47.4   22.0   22.0   39.0   80.0   28.6    7.2
2026  4  3  93  0.00  515.0   55.0   45.0  2.013E+07  7.518E+05  1.053E+04 5.879E-16 1109.3  1110  1.906E+06  2.471E+01  6.773E+04  1.842E+05  140.2  140.2   47.4   22.0   22.0   39.0   80.0   28.6    7.2
2026  4  3  93  0.00  520.0   55.0   45.0  1.871E+07  6.618E+05  9.099E+03 5.456E-16 1109.3  1110  1.871E+06  2.060E+01  6.742E+04  1.728E+05  140.2  140.2   47.4   22.0   22.0   39.0   80.0   28.6    7.2
2026  4  3  93  0.00  525.0   55.0   45.0  1.740E+07  5.828E+05  7.867E+03 5.066E-16 1109.3  1110  1.838E+06  1.717E+01  6.711E+04  1.622E+05  140.2  140.2   47.4   22.0   22.0   39.0   80.0   28.6    7.2
2026  4  3  93  0.00  530.0   55.0   45.0  1.618E+07  5.132E+05  6.804E+03 4.705E-16 1109.3  1110  1.804E+06  1.432E+01  6.681E+04  1.522E+05  140.2  140.2   47.4   22.0   22.0   39.0   80.0   28.6    7.2
2026  4  3  93  0.00  535.0   55.0   45.0  1.505E+07  4.521E+05  5.886E+03 4.371E-16 1109.4  1110  1.772E+06  1.195E+01  6.651E+04  1.428E+05  140.2  140.2   47.4   22.0   22.0   39.0   80.0   28.6    7.2
2026  4  3  93  0.00  540.0   55.0   45.0  1.400E+07  3.983E+05  5.092E+03 4.062E-16 1109.4  1110  1.740E+06  9.969E+00  6.621E+04  1.341E+05  140.2  140.2   47.4   22.0   22.0   39.0   80.0   28.6    7.2
2026  4  3  93  0.00  545.0   55.0   45.0  1.302E+07  3.509E+05  4.407E+03 3.776E-16 1109.4  1110  1.709E+06  8.321E+00  6.591E+04  1.258E+05  140.2  140.2   47.4   22.0   22.0   39.0   80.0   28.6    7.2
2026  4  3  93  0.00  550.0   55.0   45.0  1.212E+07  3.093E+05  3.814E+03 3.512E-16 1109.4  1110  1.678E+06  6.947E+00  6.561E+04  1.181E+05  140.2  140.2   47.4   22.0   22.0   39.0   80.0   28.6    7.2
2026  4  3  93  0.00  555.0   55.0   45.0  1.127E+07  2.726E+05  3.302E+03 3.267E-16 1109.4  1110  1.649E+06  5.802E+00  6.531E+04  1.109E+05  140.2  140.2   47.4   22.0   22.0   39.0   80.0   28.6    7.2
2026  4  3  93  0.00  560.0   55.0   45.0  1.049E+07  2.404E+05  2.860E+03 3.040E-16 1109.4  1110  1.619E+06  4.846E+00  6.502E+04  1.041E+05  140.2  140.2   47.4   22.0   22.0   39.0   80.0   28.6    7.2
2026  4  3  93  0.00  565.0   55.0   45.0  9.763E+06  2.120E+05  2.477E+03 2.830E-16 1109.4  1110  1.590E+06  4.049E+00  6.473E+04  9.780E+04  140.2  140.2   47.4   22.0   22.0   39.0   80.0   28.6    7.2
2026  4  3  93  0.00  570.0   55.0   45.0  9.087E+06  1.870E+05  2.146E+03 2.636E-16 1109.4  1110  1.562E+06  3.384E+00  6.444E+04  9.185E+04  140.2  140.2   47.4   22.0   22.0   39.0   80.0   28.6    7.2
2026  4  3  93  0.00  575.0   55.0   45.0  8.459E+06  1.649E+05  1.859E+03 2.455E-16 1109.5  1110  1.534E+06  2.829E+00  6.415E+04  8.627E+04  140.2  140.2   47.4   22.0   22.0   39.0   80.0   28.6    7.2
2026  4  3  93  0.00  580.0   55.0   45.0  7.875E+06  1.455E+05  1.611E+03 2.288E-16 1109.5  1110  1.507E+06  2.366E+00  6.386E+04  8.103E+04  140.2  140.2   47.4   22.0   22.0   39.0   80.0   28.6    7.2
2026  4  3  93  0.00  585.0   55.0   45.0  7.332E+06  1.284E+05  1.397E+03 2.133E-16 1109.5  1110  1.480E+06  1.979E+00  6.358E+04  7.612E+04  140.2  140.2   47.4   22.0   22.0   39.0   80.0   28.6    7.2
2026  4  3  93  0.00  590.0   55.0   45.0  6.827E+06  1.133E+05  1.211E+03 1.988E-16 1109.5  1110  1.454E+06  1.656E+00  6.330E+04  7.151E+04  140.2  140.2   47.4   22.0   22.0   39.0   80.0   28.6    7.2
2026  4  3  93  0.00  595.0   55.0   45.0  6.357E+06  1.001E+05  1.050E+03 1.855E-16 1109.5  1110  1.429E+06  1.385E+00  6.302E+04  6.719E+04  140.2  140.2   47.4   22.0   22.0   39.0   80.0   28.6    7.2
2026  4  3  93  0.00  600.0   55.0   45.0  5.921E+06  8.834E+04  9.109E+02 1.731E-16 1109.5  1110  1.403E+06  1.160E+00  6.274E+04  6.313E+04  140.2  140.2   47.4   22.0   22.0   39.0   80.0   28.6    7.2
2026  4  3  93  0.00  605.0   55.0   45.0  5.515E+06  7.801E+04  7.902E+02 1.615E-16 1109.5  1110  1.379E+06  9.710E-01  6.246E+04  5.933E+04  140.2  140.2   47.4   22.0   22.0   39.0   80.0   28.6    7.2
2026  4  3  93  0.00  610.0   55.0   45.0  5.137E+06  6.890E+04  6.857E+02 1.508E-16 1109.5  1110  1.354E+06  8.132E-01  6.218E+04  5.576E+04  140.2  140.2   47.4   22.0   22.0   39.0   80.0   28.6    7.2
2026  4  3  93  0.00  615.0   55.0   45.0  4.786E+06  6.087E+04  5.951E+02 1.409E-16 1109.5  1110  1.331E+06  6.812E-01  6.191E+04  5.241E+04  140.2  140.2   47.4   22.0   22.0   39.0   80.0   28.6    7.2
2026  4  3  93  0.00  620.0   55.0   45.0  4.459E+06  5.378E+04  5.166E+02 1.316E-16 1109.5  1110  1.307E+06  5.708E-01  6.163E+04  4.926E+04  140.2  140.2   47.4   22.0   22.0   39.0   80.0   28.6    7.2
2026  4  3  93  0.00  625.0   55.0   45.0  4.155E+06  4.753E+04  4.486E+02 1.230E-16 1109.5  1110  1.284E+06  4.784E-01  6.136E+04  4.631E+04  140.2  140.2   47.4   22.0   22.0   39.0   80.0   28.6    7.2
2026  4  3  93  0.00  630.0   55.0   45.0  3.872E+06  4.201E+04  3.896E+02 1.150E-16 1109.5  1110  1.262E+06  4.011E-01  6.109E+04  4.354E+04  140.2  140.2   47.4   22.0   22.0   39.0   80.0   28.6    7.2
2026  4  3  93  0.00  635.0   55.0   45.0  3.609E+06  3.714E+04  3.384E+02 1.076E-16 1109.5  1110  1.240E+06  3.363E-01  6.082E+04  4.094E+04  140.2  140.2   47.4   22.0   22.0   39.0   80.0   28.6    7.2
2026  4  3  93  0.00  640.0   55.0   45.0  3.364E+06  3.284E+04  2.940E+02 1.007E-16 1109.5  1110  1.218E+06  2.821E-01  6.056E+04  3.849E+04  140.2  140.2   47.4   22.0   22.0   39.0   80.0   28.6    7.2
2026  4  3  93  0.00  645.0   55.0   45.0  3.135E+06  2.904E+04  2.555E+02 9.421E-17 1109.5  1110  1.197E+06  2.367E-01  6.029E+04  3.620E+04  140.2  140.2   47.4   22.0   22.0   39.0   80.0   28.6    7.2
2026  4  3  93  0.00  650.0   55.0   45.0  2.923E+06  2.569E+04  2.220E+02 8.822E-17 1109.5  1110  1.176E+06  1.986E-01  6.003E+04  3.404E+04  140.2  140.2   47.4   22.0   22.0   39.0   80.0   28.6    7.2
2026  4  3  93  0.00  655.0   55.0   45.0  2.725E+06  2.273E+04  1.930E+02 8.264E-17 1109.5  1110  1.156E+06  1.667E-01  5.976E+04  3.202E+04  140.2  140.2   47.4   22.0   22.0   39.0   80.0   28.6    7.2
2026  4  3  93  0.00  660.0   55.0   45.0  2.541E+06  2.011E+04  1.678E+02 7.744E-17 1109.5  1110  1.136E+06  1.400E-01  5.950E+04  3.012E+04  140.2  140.2   47.4   22.0   22.0   39.0   80.0   28.6    7.2
2026  4  3  93  0.00  665.0   55.0   45.0  2.370E+06  1.779E+04  1.459E+02 7.259E-17 1109.5  1110  1.116E+06  1.176E-01  5.925E+04  2.834E+04  140.2  140.2   47.4   22.0   22.0   39.0   80.0   28.6    7.2
2026  4  3  93  0.00  670.0   55.0   45.0  2.210E+06  1.575E+04  1.269E+02 6.808E-17 1109.5  1110  1.097E+06  9.876E-02  5.899E+04  2.666E+04  140.2  140.2   47.4   22.0   22.0   39.0   80.0   28.6    7.2
2026  4  3  93  0.00  675.0   55.0   45.0  2.062E+06  1.394E+04  1.104E+02 6.388E-17 1109.5  1110  1.078E+06  8.298E-02  5.873E+04  2.508E+04  140.2  140.2   47.4   22.0   22.0   39.0   80.0   28.6    7.2
2026  4  3  93  0.00  680.0   55.0   45.0  1.923E+06  1.235E+04  9.611E+01 5.996E-17 1109.5  1110  1.059E+06  6.974E-02  5.848E+04  2.360E+04  140.2  140.2   47.4   22.0   22.0   39.0   80.0   28.6    7.2
2026  4  3  93  0.00  685.0   55.0   45.0  1.794E+06  1.093E+04  8.365E+01 5.630E-17 1109.5  1110  1.041E+06  5.863E-02  5.822E+04  2.221E+04  140.2  140.2   47.4   22.0   22.0   39.0   80.0   28.6    7.2
2026  4  3  93  0.00  690.0   55.0   45.0  1.674E+06  9.685E+03  7.282E+01 5.289E-17 1109.5  1110  1.023E+06  4.930E-02  5.797E+04  2.090E+04  140.2  140.2   47.4   22.0   22.0   39.0   80.0   28.6    7.2
2026  4  3  93  0.00  695.0   55.0   45.0  1.562E+06  8.579E+03  6.340E+01 4.971E-17 1109.5  1110  1.006E+06  4.146E-02  5.772E+04  1.968E+04  140.2  140.2   47.4   22.0   22.0   39.0   80.0   28.6    7.2
2026  4  3  93  0.00  700.0   55.0   45.0  1.458E+06  7.602E+03  5.521E+01 4.674E-17 1109.5  1110  9.885E+05  3.488E-02  5.747E+04  1.852E+04  140.2  140.2   47.4   22.0   22.0   39.0   80.0   28.6    7.2
2026  4  3  93  0.00  705.0   55.0   45.0  1.360E+06  6.737E+03  4.809E+01 4.397E-17 1109.5  1110  9.716E+05  2.935E-02  5.722E+04  1.743E+04  140.2  140.2   47.4   22.0   22.0   39.0   80.0   28.6    7.2
2026  4  3  93  0.00  710.0   55.0   45.0  1.270E+06  5.971E+03  4.190E+01 4.138E-17 1109.5  1110  9.550E+05  2.470E-02  5.698E+04  1.641E+04  140.2  140.2   47.4   22.0   22.0   39.0   80.0   28.6    7.2
2026  4  3  93  0.00  715.0   55.0   45.0  1.185E+06  5.293E+03  3.651E+01 3.897E-17 1109.5  1110  9.387E+05  2.080E-02  5.673E+04  1.545E+04  140.2  140.2   47.4   22.0   22.0   39.0   80.0   28.6    7.2
2026  4  3  93  0.00  720.0   55.0   45.0  1.107E+06  4.693E+03  3.182E+01 3.671E-17 1109.5  1110  9.227E+05  1.751E-02  5.649E+04  1.455E+04  140.2  140.2   47.4   22.0   22.0   39.0   80.0   28.6    7.2
2026  4  3  93  0.00  725.0   55.0   45.0  1.033E+06  4.162E+03  2.774E+01 3.460E-17 1109.5  1110  9.070E+05  1.475E-02  5.625E+04  1.370E+04  140.2  140.2   47.4   22.0   22.0   39.0   80.0   28.6    7.2
2026  4  3  93  0.00  730.0   55.0   45.0  9.647E+05  3.692E+03  2.418E+01 3.263E-17 1109.5  1110  8.916E+05  1.243E-02  5.601E+04  1.291E+04  140.2  140.2   47.4   22.0   22.0   39.0   80.0   28.6    7.2
2026  4  3  93  0.00  735.0   55.0   45.0  9.009E+05  3.275E+03  2.109E+01 3.079E-17 1109.5  1110  8.764E+05  1.047E-02  5.577E+04  1.216E+04  140.2  140.2   47.4   22.0   22.0   39.0   80.0   28.6    7.2
2026  4  3  93  0.00  740.0   55.0   45.0  8.414E+05  2.906E+03  1.839E+01 2.907E-17 1109.5  1110  8.616E+05  8.829E-03  5.553E+04  1.145E+04  140.2  140.2   47.4   22.0   22.0   39.0   80.0   28.6    7.2
2026  4  3  93  0.00  745.0   55.0   45.0  7.859E+05  2.578E+03  1.605E+01 2.746E-17 1109.5  1110  8.470E+05  7.444E-03  5.530E+04  1.079E+04  140.2  140.2   47.4   22.0   22.0   39.0   80.0   28.6    7.2
