    0.0     -1 -1.000    -1    -1    -1  -1  -1  -1  -1  -1  -1  -1  -1.0  -1
    5.0     -1 -1.000    -1    -1    -1  -1  -1  -1  -1  -1  -1  -1  -1.0  -1
   10.0     -1 -1.000    -1    -1    -1  -1  -1  -1  -1  -1  -1  -1  -1.0  -1
   15.0     -1 -1.000    -1    -1    -1  -1  -1  -1  -1  -1  -1  -1  -1.0  -1
   20.0     -1 -1.000    -1    -1    -1  -1  -1  -1  -1  -1  -1  -1  -1.0  -1
   25.0     -1 -1.000    -1    -1    -1  -1  -1  -1  -1  -1  -1  -1  -1.0  -1
   30.0     -1 -1.000    -1    -1    -1  -1  -1  -1  -1  -1  -1  -1  -1.0  -1
   35.0     -1 -1.000    -1    -1    -1  -1  -1  -1  -1  -1  -1  -1  -1.0  -1
   40.0     -1 -1.000    -1    -1    -1  -1  -1  -1  -1  -1  -1  -1  -1.0  -1
   45.0     -1 -1.000    -1    -1    -1  -1  -1  -1  -1  -1  -1  -1  -1.0  -1
   50.0     -1 -1.000    -1    -1    -1  -1  -1  -1  -1  -1  -1  -1  -1.0  -1
   55.0     -1 -1.000    -1    -1    -1  -1  -1  -1  -1  -1  -1  -1  -1.0  -1
   60.0     -1 -1.000   249   249   249  -1  -1  -1  -1  -1  -1  -1  -1.0  -1
   65.0     53  0.000   232   232   232  -1  -1  -1  -1  -1  -1  -1  -1.0  -1
   70.0    220  0.000   219   219   219  -1  -1  -1  -1  -1  -1  -1  -1.0  -1
   75.0    424  0.001   212   212   212  -1  -1  -1  -1  -1  -1  -1  -1.0  -1
   80.0    532  0.001   212   212   212   0   0   0   0   4 996  -1  -1.0  -1
   85.0   1068  0.001   210   210   210   0   0   0   0   8 992  -1  -1.0  -1
   90.0  12856  0.015   198   198   198   0   0   0   0  92 908  -1  -1.0  -1
   95.0  54942  0.066   178   178   178   0   0   0   0 350 650  -1  -1.0  -1
  100.0 109353  0.132   167   167   167   0   0   0   0 574 426  -1  -1.0  -1
  105.0 137029  0.165   178   178   178   0   0   0   0 504 496  -1  -1.0  -1
  110.0 140720  0.169   211   211   211   0   0   0   0 407 592  -1  -1.0  -1
  115.0 141283  0.170   266   266   266   1   0   0   0 365 633  -1  -1.0  -1
  120.0 144995  0.174   342   342   342   3   0   0   0 315 680  -1  -1.0  -1
  125.0 148960  0.179   409   409   412   7   0   0   0 272 717  -1  -1.0  -1
  130.0 153226  0.184   460   460   482  14   1   0   0 252 729  -1  -1.0  -1
  135.0 157857  0.190   504   504   551  25   1   0   0 243 725  -1  -1.0  -1
  140.0 162947  0.196   543   543   621  41   2   0   0 241 709  -1  -1.0  -1
  145.0 168644  0.203   576   576   691  62   2   0   0 240 687  -1  -1.0  -1
  150.0 175201  0.211   606   606   761  89   2   0   0 239 658  -1  -1.0  -1
  155.0 183136  0.220   631   631   831 125   3   0   0 234 625  -1  -1.0  -1
  160.0 193944  0.233   653   653   901 171   4   0   0 225 585  -1  -1.0  -1
  165.0 206525  0.248   672   672   971 227   4   0   0 213 539  -1  -1.0  -1
  170.0 218357  0.263   689   689  1040 291   5   0   0 197 489  -1  -1.0  -1
  175.0 228797  0.275   703   703  1110 361   5   0   0 179 437  -1  -1.0  -1
  180.0 237603  0.286   716   716  1180 432   6   0   0 159 385  -1  -1.0  -1
  185.0 259833  0.313   727   727  1250 518   6   0   0 136 322  -1  -1.0  -1
  190.0 283279  0.341   736   736  1320 600   7   0   0 114 262  -1  -1.0  -1
  195.0 307893  0.370   745   745  1390 675   7   0   0  92 209  -1  -1.0  -1
  200.0 333607  0.401   752   752  1460 741   7   0   0  74 163  -1  -1.0  -1
  205.0 360337  0.433   758   758  1529 796   7   0   0  58 126  -1  -1.0  -1
  210.0 387975  0.467   764   764  1599 840   7   0   0  45  96  -1  -1.0  -1
  215.0 416396  0.501   768   768  1669 876   7   0   0  35  72  -1  -1.0  -1
  220.0 445452  0.536   773   773  1739 903   7   0   0  27  54  -1  -1.0  -1
  225.0 474979  0.571   776   776  1809 925   7   0   0  21  41  -1  -1.0  -1
  230.0 504789  0.607   779   779  1879 941   7   0   0  16  30  -1  -1.0  -1
  235.0 534679  0.643   782   782  1948 953   7   0   0  12  23  -1  -1.0  -1
  240.0 564430  0.679   785   785  2017 963   7   0   0   9  17  -1  -1.0  -1
  245.0 593806  0.714   787   787  2085 970   7   0   0   7  13  -1  -1.0  -1
  250.0 622564  0.749   789   789  2148 976   7   0   0   6  10  -1  -1.0  -1
  255.0 650450  0.782   790   790  2203 980   7   0   0   4   7  -1  -1.0  -1
  260.0 677206  0.815   792   792  2238 983   6   0   0   3   5  -1  -1.0  -1
  265.0 702574  0.845   793   795  2244 986   6   0   0   3   4  -1  -1.0  -1
  270.0 726298  0.874   794   798  2219 988   6   0   0   2   3  -1  -1.0  -1
  275.0 748133  0.900   795   802  2175 989   6   0   0   1   2  -1  -1.0  -1
  280.0 767843  0.924   796   805  2120 990   6   0   0   1   2  -1  -1.0  -1
  285.0 785211  0.944   796   808  2061 991   6   0   0   1   1  -1  -1.0  -1
  290.0 800039  0.962   797   812  2001 991   6   0   0   1   1  -1  -1.0  -1
  295.0 812155  0.977   798   815  1939 992   6   0   0   1   1  -1  -1.0  -1
  300.0 821414  0.988   798   818  1878 984  14   2   0   0   0  -1  -1.0  -1
  305.0 827701  0.996   798   821  1817 984  14   2   0   0   0  -1  -1.0  -1
  310.0 830933  0.999   799   825  1755 983  14   2   0   0   0  -1  -1.0  -1
  315.0 826669  0.994   799   828  1694 983  14   2   0   0   0  -1  -1.0  -1
  320.0 813685  0.979   799   831  1632 983  14   3   0   0   0  -1  -1.0  -1
  325.0 797073  0.959   800   835  1571 982  15   3   0   0   0  -1  -1.0  -1
  330.0 777129  0.935   800   838  1511 982  15   3   0   0   0  -1  -1.0  -1
  335.0 754172  0.907   800   841  1451 982  15   3   0   0   0  -1  -1.0  -1
  340.0 728548  0.876   800   845  1396 981  15   4   0   0   0  -1  -1.0  -1
  345.0 700632  0.843   800   849  1348 981  15   4   0   0   0  -1  -1.0  -1
  350.0 670791  0.807   800   853  1315 980  15   4   0   0   0  -1  -1.0  -1
  355.0 639399  0.769   801   858  1300 980  15   5   0   0   0  -1  -1.0  -1
  360.0 606827  0.730   801   863  1299 979  15   5   0   0   0  -1  -1.0  -1
  365.0 573432  0.690   801   868  1306 978  15   6   0   0   0  -1  -1.0  -1
  370.0 539554  0.649   801   874  1316 978  16   6   0   0   0  -1  -1.0  -1
  375.0 505512  0.608   801   879  1329 977  16   7   0   0   0  -1  -1.0  -1
  380.0 471611  0.567   801   885  1341 976  16   8   1   0   0  -1  -1.0  -1
  385.0 447894  0.539   801   890  1354 975  16   8   1   0   0  -1  -1.0  -1
  390.0 433095  0.521   801   896  1367 974  16   9   1   0   0  -1  -1.0  -1
  395.0 418432  0.503   801   901  1380 973  16  10   1   0   0  -1  -1.0  -1
  400.0 403976  0.486   801   907  1393 972  16  11   1   0   0  -1  -1.0  -1
  405.0 389790  0.469   801   913  1406 971  16  12   1   0   0  -1  -1.0  -1
  410.0 375930  0.452   801   918  1419 970  16  13   1   0   0  -1  -1.0  -1
  415.0 362439  0.436   801   924  1432 968  16  14   1   0   0  -1  -1.0  -1
  420.0 349352  0.420   801   930  1445 967  17  16   1   0   0  -1  -1.0  -1
  425.0 336702  0.405   801   935  1458 965  17  17   1   0   0  -1  -1.0  -1
  430.0 324507  0.390   801   942  1471 963  17  19   1   0   0  -1  -1.0  -1
  435.0 312780  0.376   801   949  1484 962  17  20   1   0   0  -1  -1.0  -1
  440.0 301530  0.363   801   956  1496 959  17  22   1   0   0  -1  -1.0  -1
  445.0 290760  0.350   801   963  1509 957  17  24   1   0   0  -1  -1.0  -1
  450.0 280460  0.337   801   970  1522 955  17  27   1   0   0  -1  -1.0  -1
  455.0 269361  0.324   801   978  1535 952  17  29   1   0   0  -1  -1.0  -1
  460.0 257973  0.310   801   985  1548 949  17  32   2   0   0  -1  -1.0  -1
  465.0 247174  0.297   801   993  1561 946  17  35   2   0   0  -1  -1.0  -1
  470.0 236940  0.285   801  1000  1574 943  17  38   2   0   0  -1  -1.0  -1
  475.0 227237  0.273   801  1008  1587 939  18  41   2   0   0  -1  -1.0  -1
  480.0 218033  0.262   801  1015  1600 935  18  45   2   0   0  -1  -1.0  -1
  485.0 209299  0.252   801  1023  1613 931  18  49   2   0   0  -1  -1.0  -1
  490.0 201003  0.242   801  1030  1626 927  18  53   2   0   0  -1  -1.0  -1
  495.0 193113  0.232   801  1038  1639 922  18  58   2   0   0  -1  -1.0  -1
  500.0 185604  0.223   801  1045  1652 917  18  63   3   0   0  -1  -1.0  -1
  505.0 178447  0.215   801  1053  1665 911  18  68   3   0   0  -1  -1.0  -1
  510.0 171615  0.206   801  1061  1678 905  18  74   3   0   0  -1  -1.0  -1
  515.0 165088  0.199   801  1068  1691 899  18  80   3   0   0  -1  -1.0  -1
  520.0 158840  0.191   801  1076  1704 893  18  86   3   0   0  -1  -1.0  -1
  525.0 152854  0.184   801  1083  1717 886  18  93   3   0   0  -1  -1.0  -1
  530.0 147114  0.177   801  1091  1731 878  18 100   4   0   0  -1  -1.0  -1
  535.0 141604  0.170   801  1098  1744 871  18 107   4   0   0  -1  -1.0  -1
  540.0 136311  0.164   801  1106  1758 863  18 115   4   0   0  -1  -1.0  -1
  545.0 131228  0.158   801  1113  1772 855  18 123   4   0   0  -1  -1.0  -1
  550.0 126343  0.152   801  1121  1787 847  18 130   4   0   0  -1  -1.0  -1
  555.0 121654  0.146   801  1128  1802 839  18 138   5   0   0  -1  -1.0  -1
  560.0 117155  0.141   801  1136  1818 831  18 147   5   0   0  -1  -1.0  -1
  565.0 112843  0.136   801  1143  1834 822  18 155   5   0   0  -1  -1.0  -1
  570.0 108717  0.131   801  1151  1851 814  18 163   5   0   0  -1  -1.0  -1
  575.0 104773  0.126   801  1159  1867 805  18 171   5   0   0  -1  -1.0  -1
  580.0 101009  0.121   801  1167  1884 797  18 180   6   0   0  -1  -1.0  -1
  585.0  97422  0.117   801  1175  1901 788  18 188   6   0   0  -1  -1.0  -1
  590.0  94011  0.113   801  1183  1918 780  18 197   6   0   0  -1  -1.0  -1
  595.0  90770  0.109   801  1192  1935 771  18 205   6   0   0  -1  -1.0  -1
  600.0  87694  0.105   801  1202  1952 762  18 214   6   0   0  -1  -1.0  -1
  605.0  84778  0.102   801  1212  1969 753  18 223   6   0   0  -1  -1.0  -1
  610.0  82013  0.099   801  1222  1986 744  18 232   6   0   0  -1  -1.0  -1
  615.0  79393  0.095   801  1233  2003 734  18 241   7   0   0  -1  -1.0  -1
  620.0  76911  0.093   801  1245  2020 725  18 251   7   0   0  -1  -1.0  -1
  625.0  74559  0.090   801  1256  2037 715  18 260   7   0   0  -1  -1.0  -1
  630.0  72330  0.087   801  1268  2054 705  18 270   7   0   0  -1  -1.0  -1
  635.0  70215  0.084   801  1280  2071 695  18 280   7   0   0  -1  -1.0  -1
  640.0  68208  0.082   801  1292  2088 685  18 290   7   0   0  -1  -1.0  -1
  645.0  66303  0.080   801  1304  2105 674  18 301   7   0   0  -1  -1.0  -1
  650.0  64495  0.078   801  1316  2122 664  18 311   8   0   0  -1  -1.0  -1
  655.0  62779  0.076   801  1327  2139 653  17 322   8   0   0  -1  -1.0  -1
  660.0  61152  0.074   801  1339  2156 642  17 333   8   0   0  -1  -1.0  -1
  665.0  59609  0.072   801  1351  2173 631  17 344   8   0   0  -1  -1.0  -1
  670.0  58147  0.070   801  1363  2190 620  17 355   8   0   0  -1  -1.0  -1
  675.0  56763  0.068   801  1375  2207 609  17 366   8   0   0  -1  -1.0  -1
  680.0  55456  0.067   801  1387  2224 597  17 377   8   0   0  -1  -1.0  -1
  685.0  54222  0.065   801  1399  2241 586  17 389   9   0   0  -1  -1.0  -1
  690.0  53060  0.064   801  1411  2258 575  17 400   9   0   0  -1  -1.0  -1
  695.0  51964  0.063   801  1423  2275 563  17 411   9   0   0  -1  -1.0  -1
  700.0  50931  0.061   801  1435  2292 552  16 423   9   0   0  -1  -1.0  -1
  705.0  49957  0.060   801  1447  2310 540  16 434   9   0   0  -1  -1.0  -1
  710.0  49039  0.059   801  1459  2327 529  16 446   9   0   0  -1  -1.0  -1
  715.0  48171  0.058   801  1471  2344 518  16 457   9   0   0  -1  -1.0  -1
  720.0  47349  0.057   801  1483  2361 507  16 468   9   0   0  -1  -1.0  -1
  725.0  46566  0.056   801  1495  2378 497  16 478   9   0   0  -1  -1.0  -1
  730.0  45818  0.055   801  1507  2395 486  15 489  10   0   0  -1  -1.0  -1
  735.0  45100  0.054   801  1519  2412 476  15 499  10   0   0  -1  -1.0  -1
  740.0  44407  0.053   801  1531  2429 467  15 508  10   0   0  -1  -1.0  -1
  745.0  43736  0.053   801  1543  2446 457  15 518  10   0   0  -1  -1.0  -1
  750.0  43081  0.052   801  1555  2462 448  15 527  10   0   0  -1  -1.0  -1
  755.0  42440  0.051   801  1567  2479 440  15 536  10   0   0  -1  -1.0  -1
  760.0  41811  0.050   801  1579  2496 431  15 544  10   0   0  -1  -1.0  -1
  765.0  41190  0.050   801  1591  2513 423  14 552  10   0   0  -1  -1.0  -1
  770.0  40577  0.049   801  1603  2530 415  14 560  10   0   0  -1  -1.0  -1
  775.0  39971  0.048   801  1615  2547 408  14 568  11   0   0  -1  -1.0  -1
  780.0  39370  0.047   801  1627  2563 400  14 575  11   0   0  -1  -1.0  -1
  785.0  38773  0.047   801  1639  2580 393  14 582  11   0   0  -1  -1.0  -1
  790.0  38181  0.046   801  1651  2597 386  14 589  11   0   0  -1  -1.0  -1
  795.0  37594  0.045   801  1663  2613 379  14 596  11   0   0  -1  -1.0  -1
  800.0  37012  0.045   801  1675  2629 372  13 603  11   0   0  -1  -1.0  -1
  805.0  36434  0.044   801  1687  2645 366  13 610  11   0   0  -1  -1.0  -1
  810.0  35860  0.043   801  1699  2661 359  13 616  11   0   0  -1  -1.0  -1
  815.0  35292  0.042   801  1711  2676 352  13 623  12   0   0  -1  -1.0  -1
  820.0  34728  0.042   801  1723  2691 346  13 630  12   0   0  -1  -1.0  -1
  825.0  34170  0.041   801  1735  2705 340  13 636  12   0   0  -1  -1.0  -1
  830.0  33616  0.040   801  1747  2719 333  13 642  12   0   0  -1  -1.0  -1
  835.0  33067  0.040   801  1759  2732 327  13 649  12   0   0  -1  -1.0  -1
  840.0  32524  0.039   801  1771  2745 321  12 655  12   0   0  -1  -1.0  -1
  845.0  31987  0.038   801  1783  2756 315  12 661  12   0   0  -1  -1.0  -1
  850.0  31455  0.038   801  1795  2767 309  12 667  12   0   0  -1  -1.0  -1
  855.0  30930  0.037   801  1807  2777 303  12 673  12   0   0  -1  -1.0  -1
  860.0  30411  0.037   801  1819  2786 297  12 679  13   0   0  -1  -1.0  -1
  865.0  29899  0.036   801  1831  2795 291  12 685  13   0   0  -1  -1.0  -1
  870.0  29394  0.035   801  1843  2803 285  12 691  13   0   0  -1  -1.0  -1
  875.0  28898  0.035   801  1855  2810 279  11 697  13   0   0  -1  -1.0  -1
  880.0  28411  0.034   801  1867  2816 273  11 702  13   0   0  -1  -1.0  -1
  885.0  27933  0.034   801  1879  2822 268  11 708  13   0   0  -1  -1.0  -1
  890.0  27465  0.033   801  1891  2828 262  11 714  13   0   0  -1  -1.0  -1
  895.0  27008  0.032   801  1903  2833 256  11 719  13   0   0  -1  -1.0  -1
  900.0  26562  0.032   801  1915  2839 251  11 725  13   0   0  -1  -1.0  -1
  905.0  26128  0.031   801  1927  2843 245  11 731  14   0   0  -1  -1.0  -1
  910.0  25707  0.031   801  1939  2848 240  10 736  14   0   0  -1  -1.0  -1
  915.0  25299  0.030   801  1951  2852 235  10 742  14   0   0  -1  -1.0  -1
  920.0  24904  0.030   801  1963  2857 229  10 747  14   0   0  -1  -1.0  -1
  925.0  24524  0.029   801  1975  2861 224  10 752  14   0   0  -1  -1.0  -1
  930.0  24158  0.029   801  1987  2865 219  10 757  14   0   0  -1  -1.0  -1
  935.0  23806  0.029   801  1999  2869 214  10 763  14   0   0  -1  -1.0  -1
  940.0  23469  0.028   801  2011  2873 209   9 768  14   0   0  -1  -1.0  -1
  945.0  23147  0.028   801  2023  2877 204   9 773  14   0   0  -1  -1.0  -1
  950.0  22838  0.027   801  2035  2881 199   9 778  14   0   0  -1  -1.0  -1
  955.0  22544  0.027   801  2047  2885 194   9 783  15   0   0  -1  -1.0  -1
  960.0  22264  0.027   801  2059  2889 189   9 787  15   0   0  -1  -1.0  -1
  965.0  21997  0.026   801  2071  2893 184   9 792  15   0   0  -1  -1.0  -1
  970.0  21742  0.026   801  2083  2897 179   9 797  15   0   0  -1  -1.0  -1
  975.0  21499  0.026   801  2095  2901 175   8 802  15   0   0  -1  -1.0  -1
  980.0  21268  0.026   801  2107  2905 170   8 806  15   0   0  -1  -1.0  -1
  985.0  21047  0.025   801  2119  2909 166   8 811  15   0   0  -1  -1.0  -1
  990.0  20836  0.025   801  2131  2913 161   8 815  15   0   0  -1  -1.0  -1
  995.0  20634  0.025   801  2143  2917 157   8 820  15   0   0  -1  -1.0  -1
 1000.0  20440  0.025   801  2154  2921 153   8 824  15   0   0  -1  -1.0  -1
