    0.0     -1 -1.000    -1    -1    -1  -1  -1  -1  -1  -1  -1  -1  -1.0  -1
    5.0     -1 -1.000    -1    -1    -1  -1  -1  -1  -1  -1  -1  -1  -1.0  -1
   10.0     -1 -1.000    -1    -1    -1  -1  -1  -1  -1  -1  -1  -1  -1.0  -1
   15.0     -1 -1.000    -1    -1    -1  -1  -1  -1  -1  -1  -1  -1  -1.0  -1
   20.0     -1 -1.000    -1    -1    -1  -1  -1  -1  -1  -1  -1  -1  -1.0  -1
   25.0     -1 -1.000    -1    -1    -1  -1  -1  -1  -1  -1  -1  -1  -1.0  -1
   30.0     -1 -1.000    -1    -1    -1  -1  -1  -1  -1  -1  -1  -1  -1.0  -1
   35.0     -1 -1.000    -1    -1    -1  -1  -1  -1  -1  -1  -1  -1  -1.0  -1
   40.0     -1 -1.000    -1    -1    -1  -1  -1  -1  -1  -1  -1  -1  -1.0  -1
   45.0     -1 -1.000    -1    -1    -1  -1  -1  -1  -1  -1  -1  -1  -1.0  -1
   50.0     -1 -1.000    -1    -1    -1  -1  -1  -1  -1  -1  -1  -1  -1.0  -1
   55.0     -1 -1.000    -1    -1    -1  -1  -1  -1  -1  -1  -1  -1  -1.0  -1
   60.0     -1 -1.000   237   237   237  -1  -1  -1  -1  -1  -1  -1  -1.0  -1
   65.0     58  0.000   229   229   229  -1  -1  -1  -1  -1  -1  -1  -1.0  -1
   70.0    156  0.000   224   224   224  -1  -1  -1  -1  -1  -1  -1  -1.0  -1
   75.0    277  0.001   219   219   219  -1  -1  -1  -1  -1  -1  -1  -1.0  -1
   80.0    380  0.001   210   210   210   0   0   0   0   3 997  -1  -1.0  -1
   85.0    789  0.002   198   198   198   0   0   0   0   7 993  -1  -1.0  -1
   90.0   8276  0.022   187   187   187   0   0   0   0  65 935  -1  -1.0  -1
   95.0  34681  0.090   179   179   179   0   0   0   0 245 755  -1  -1.0  -1
  100.0  71124  0.185   179   179   179   0   0   0   0 449 551  -1  -1.0  -1
  105.0  91825  0.239   194   194   194   0   0   0   0 524 476  -1  -1.0  -1
  110.0  95041  0.247   223   223   223   0   0   0   0 464 536  -1  -1.0  -1
  115.0  90230  0.235   272   272   272   1   0   0   0 400 599  -1  -1.0  -1
  120.0  86031  0.224   340   340   340   2   0   0   0 391 606  -1  -1.0  -1
  125.0  92524  0.241   407   407   411   4   0   0   0 405 589  -1  -1.0  -1
  130.0 107466  0.280   460   460   482   9   0   0   0 404 584  -1  -1.0  -1
  135.0 126588  0.329   504   504   553  20   1   0   0 390 586  -1  -1.0  -1
  140.0 147428  0.383   541   541   625  38   1   0   0 373 582  -1  -1.0  -1
  145.0 169748  0.442   572   572   696  67   2   0   0 356 568  -1  -1.0  -1
  150.0 193223  0.503   598   598   767 108   2   0   0 338 544  -1  -1.0  -1
  155.0 217434  0.566   619   619   838 161   3   0   0 316 510  -1  -1.0  -1
  160.0 241884  0.629   637   637   909 227   3   0   0 290 468  -1  -1.0  -1
  165.0 266015  0.692   652   652   980 303   4   0   0 261 419  -1  -1.0  -1
  170.0 289230  0.752   665   665  1052 385   4   0   0 230 366  -1  -1.0  -1
  175.0 310923  0.809   676   676  1123 469   4   0   0 198 313  -1  -1.0  -1
  180.0 330481  0.860   684   684  1194 550   5   0   0 168 263  -1  -1.0  -1
  185.0 347293  0.903   692   692  1265 625   5   0   0 140 217  -1  -1.0  -1
  190.0 361029  0.939   698   698  1335 691   5   0   0 115 177  -1  -1.0  -1
  195.0 371520  0.966   703   703  1405 748   5   0   0  94 143  -1  -1.0  -1
  200.0 378763  0.985   708   708  1473 795   5   0   0  76 115  -1  -1.0  -1
  205.0 382933  0.996   711  1535  1535 788   6   0   0  53 137  -1  -1.0  -1
  210.0 384424  1.000   714  1589  1589 819   6   0   0  43 117  -1  -1.0  -1
  215.0 384028  0.999   717  1630  1630 846   6   0   0  35  99  -1  -1.0  -1
  220.0 382636  0.995   719  1662  1662 871   7   0   0  29  83  -1  -1.0  -1
  225.0 380319  0.989   721  1689  1689 892   7   0   0  23  68  -1  -1.0  -1
  230.0 377105  0.981   722  1712  1712 910   7   0   0  19  56  -1  -1.0  -1
  235.0 373033  0.970   724  1735  1735 924   7   0   0  15  46  -1  -1.0  -1
  240.0 368144  0.958   725  1758  1758 936   7   0   0  12  38  -1  -1.0  -1
  245.0 362490  0.943   726  1780  1780 945   8   0   0  10  31  -1  -1.0  -1
  250.0 356125  0.926   726  1802  1802 953   8   0   0   8  26  -1  -1.0  -1
  255.0 349109  0.908   727  1824  1824 959   9   0   0   7  22  -1  -1.0  -1
  260.0 341505  0.888   727  1847  1847 964   9   0   0   5  18  -1  -1.0  -1
  265.0 333378  0.867   728  1869  1869 966  10   0   0   5  16  -1  -1.0  -1
  270.0 324796  0.845   728  1891  1891 969  11   0   0   4  14  -1  -1.0  -1
  275.0 315827  0.821   729  1913  1913 970  11   0   0   3  12  -1  -1.0  -1
  280.0 306536  0.797   729  1935  1935 972  12   0   0   3  10  -1  -1.0  -1
  285.0 296991  0.772   729  1958  1958 973  13   0   0   2   9  -1  -1.0  -1
  290.0 287254  0.747   729  1980  1980 974  14   0   0   2   8  -1  -1.0  -1
  295.0 277386  0.721   729  2002  2002 974  15   0   0   2   7  -1  -1.0  -1
  300.0 267446  0.696   730  2024  2024 976  19   2   3   0   0  -1  -1.0  -1
  305.0 257485  0.670   730  2047  2047 976  19   2   3   0   0  -1  -1.0  -1
  310.0 247554  0.644   730  2069  2069 975  20   2   3   0   0  -1  -1.0  -1
  315.0 237698  0.618   730  2091  2091 975  20   2   3   0   0  -1  -1.0  -1
  320.0 227956  0.593   730  2113  2113 974  20   3   3   0   0  -1  -1.0  -1
  325.0 218366  0.568   730  2135  2135 974  20   3   3   0   0  -1  -1.0  -1
  330.0 208957  0.544   730  2158  2158 973  20   3   3   0   0  -1  -1.0  -1
  335.0 199757  0.520   730  2180  2180 973  21   3   3   0   0  -1  -1.0  -1
  340.0 190790  0.496   730  2202  2202 972  21   3   4   0   0  -1  -1.0  -1
  345.0 182072  0.474   730  2224  2224 972  21   4   4   0   0  -1  -1.0  -1
  350.0 173621  0.452   730  2246  2246 971  21   4   4   0   0  -1  -1.0  -1
  355.0 165447  0.430   730  2267  2267 970  21   4   4   0   0  -1  -1.0  -1
  360.0 157560  0.410   730  2289  2289 970  22   5   4   0   0  -1  -1.0  -1
  365.0 149965  0.390   730  2310  2310 969  22   5   4   0   0  -1  -1.0  -1
  370.0 142664  0.371   730  2331  2331 968  22   5   4   0   0  -1  -1.0  -1
  375.0 135661  0.353   730  2352  2352 967  22   6   5   0   0  -1  -1.0  -1
  380.0 128952  0.335   730  2373  2373 967  23   6   5   0   0  -1  -1.0  -1
  385.0 122537  0.319   730  2395  2395 966  23   7   5   0   0  -1  -1.0  -1
  390.0 116409  0.303   730  2416  2416 965  23   7   5   0   0  -1  -1.0  -1
  395.0 110566  0.288   730  2437  2437 964  23   8   5   0   0  -1  -1.0  -1
  400.0 104998  0.273   730  2458  2458 963  23   8   6   0   0  -1  -1.0  -1
  405.0  99700  0.259   730  2479  2479 962  24   9   6   0   0  -1  -1.0  -1
  410.0  94663  0.246   730  2501  2501 961  24   9   6   0   0  -1  -1.0  -1
  415.0  89878  0.234   730  2522  2522 960  24  10   6   0   0  -1  -1.0  -1
  420.0  85337  0.222   730  2543  2543 958  24  11   6   0   0  -1  -1.0  -1
  425.0  81031  0.211   730  2564  2564 957  25  12   7   0   0  -1  -1.0  -1
  430.0  76948  0.200   730  2585  2585 956  25  13   7   0   0  -1  -1.0  -1
  435.0  73187  0.190   730  2606  2606 954  25  14   7   0   0  -1  -1.0  -1
  440.0  69891  0.182   730  2628  2628 953  25  15   7   0   0  -1  -1.0  -1
  445.0  66771  0.174   730  2649  2649 951  26  16   8   0   0  -1  -1.0  -1
  450.0  63818  0.166   730  2670  2670 949  26  17   8   0   0  -1  -1.0  -1
  455.0  61024  0.159   730  2691  2691 948  26  18   8   0   0  -1  -1.0  -1
  460.0  58381  0.152   730  2712  2712 946  26  19   9   0   0  -1  -1.0  -1
  465.0  55882  0.145   730  2733  2733 944  26  21   9   0   0  -1  -1.0  -1
  470.0  53518  0.139   730  2755  2755 942  27  22   9   0   0  -1  -1.0  -1
  475.0  51284  0.133   730  2776  2776 940  27  24  10   0   0  -1  -1.0  -1
  480.0  49173  0.128   730  2797  2797 937  27  26  10   0   0  -1  -1.0  -1
  485.0  47176  0.123   730  2818  2818 935  27  28  10   0   0  -1  -1.0  -1
  490.0  45288  0.118   730  2839  2839 932  28  30  11   0   0  -1  -1.0  -1
  495.0  43505  0.113   730  2860  2860 930  28  32  11   0   0  -1  -1.0  -1
  500.0  41819  0.109   730  2882  2882 927  28  34  11   0   0  -1  -1.0  -1
  505.0  40225  0.105   730  2903  2903 924  28  36  12   0   0  -1  -1.0  -1
  510.0  38717  0.101   730  2924  2924 921  28  39  12   0   0  -1  -1.0  -1
  515.0  37293  0.097   730  2945  2945 917  29  41  13   0   0  -1  -1.0  -1
  520.0  35946  0.093   730  2965  2965 914  29  44  13   0   0  -1  -1.0  -1
  525.0  34673  0.090   730  2986  2986 911  29  47  13   0   0  -1  -1.0  -1
  530.0  33469  0.087   730  3006  3006 907  29  50  14   0   0  -1  -1.0  -1
  535.0  32331  0.084   730  3025  3025 904  30  53  14   0   0  -1  -1.0  -1
  540.0  31255  0.081   730  3044  3044 900  30  56  14   0   0  -1  -1.0  -1
  545.0  30237  0.079   730  3062  3062 896  30  59  15   0   0  -1  -1.0  -1
  550.0  29275  0.076   730  3078  3078 893  30  62  15   0   0  -1  -1.0  -1
  555.0  28365  0.074   730  3093  3093 889  30  65  16   0   0  -1  -1.0  -1
  560.0  27506  0.072   730  3106  3106 886  31  67  16   0   0  -1  -1.0  -1
  565.0  26693  0.069   730  3118  3118 882  31  70  16   0   0  -1  -1.0  -1
  570.0  25925  0.067   730  3130  3130 879  31  73  17   0   0  -1  -1.0  -1
  575.0  25199  0.066   730  3141  3141 876  32  76  17   0   0  -1  -1.0  -1
  580.0  24513  0.064   730  3151  3151 872  32  79  17   0   0  -1  -1.0  -1
  585.0  23865  0.062   730  3161  3161 869  32  81  18   0   0  -1  -1.0  -1
  590.0  23253  0.060   730  3172  3172 866  32  84  18   0   0  -1  -1.0  -1
  595.0  22674  0.059   730  3181  3181 862  33  87  18   0   0  -1  -1.0  -1
  600.0  22127  0.058   730  3191  3191 859  33  89  19   0   0  -1  -1.0  -1
  605.0  21610  0.056   730  3201  3201 856  33  92  19   0   0  -1  -1.0  -1
  610.0  21120  0.055   730  3211  3211 853  34  95  19   0   0  -1  -1.0  -1
  615.0  20656  0.054   730  3221  3221 849  34  97  20   0   0  -1  -1.0  -1
  620.0  20216  0.053   730  3231  3231 846  34 100  20   0   0  -1  -1.0  -1
  625.0  19799  0.051   730  3241  3241 843  35 103  20   0   0  -1  -1.0  -1
  630.0  19403  0.050   730  3250  3250 839  35 106  21   0   0  -1  -1.0  -1
  635.0  19026  0.049   730  3260  3260 836  35 108  21   0   0  -1  -1.0  -1
  640.0  18667  0.049   730  3270  3270 832  35 111  21   0   0  -1  -1.0  -1
  645.0  18325  0.048   730  3280  3280 828  36 114  22   0   0  -1  -1.0  -1
  650.0  17998  0.047   730  3289  3289 825  36 117  22   0   0  -1  -1.0  -1
  655.0  17685  0.046   730  3299  3299 821  36 120  22   0   0  -1  -1.0  -1
  660.0  17264  0.045   730  3309  3309 817  37 123  23   0   0  -1  -1.0  -1
  665.0  16824  0.044   730  3319  3319 814  37 127  23   0   0  -1  -1.0  -1
  670.0  16402  0.043   730  3329  3329 810  37 130  23   0   0  -1  -1.0  -1
  675.0  15997  0.042   730  3338  3338 806  38 133  24   0   0  -1  -1.0  -1
  680.0  15608  0.041   730  3348  3348 802  38 136  24   0   0  -1  -1.0  -1
  685.0  15234  0.040   730  3358  3358 798  38 140  24   0   0  -1  -1.0  -1
  690.0  14874  0.039   730  3368  3368 794  39 143  25   0   0  -1  -1.0  -1
  695.0  14528  0.038   730  3378  3378 789  39 147  25   0   0  -1  -1.0  -1
  700.0  14195  0.037   730  3387  3387 785  39 150  25   0   0  -1  -1.0  -1
  705.0  13873  0.036   730  3397  3397 781  39 154  26   0   0  -1  -1.0  -1
  710.0  13564  0.035   730  3407  3407 777  40 158  26   0   0  -1  -1.0  -1
  715.0  13265  0.035   730  3417  3417 772  40 161  27   0   0  -1  -1.0  -1
  720.0  12977  0.034   730  3427  3427 768  40 165  27   0   0  -1  -1.0  -1
  725.0  12699  0.033   730  3436  3436 764  40 169  27   0   0  -1  -1.0  -1
  730.0  12430  0.032   730  3446  3446 759  41 172  28   0   0  -1  -1.0  -1
  735.0  12170  0.032   730  3456  3456 755  41 176  28   0   0  -1  -1.0  -1
  740.0  11919  0.031   730  3466  3466 751  41 180  29   0   0  -1  -1.0  -1
  745.0  11675  0.030   730  3475  3475 746  41 183  29   0   0  -1  -1.0  -1
  750.0  11440  0.030   730  3485  3485 742  41 187  30   0   0  -1  -1.0  -1
  755.0  11212  0.029   730  3495  3495 738  42 191  30   0   0  -1  -1.0  -1
  760.0  10991  0.029   730  3505  3505 733  42 194  31   0   0  -1  -1.0  -1
  765.0  10777  0.028   730  3514  3514 729  42 198  31   0   0  -1  -1.0  -1
  770.0  10569  0.027   730  3524  3524 725  42 202  32   0   0  -1  -1.0  -1
  775.0  10367  0.027   730  3533  3533 720  42 205  32   0   0  -1  -1.0  -1
  780.0  10172  0.026   730  3543  3543 716  42 209  33   0   0  -1  -1.0  -1
  785.0   9982  0.026   730  3552  3552 712  42 212  33   0   0  -1  -1.0  -1
  790.0   9798  0.025   730  3562  3562 708  43 216  34   0   0  -1  -1.0  -1
  795.0   9620  0.025   730  3571  3571 703  43 220  34   0   0  -1  -1.0  -1
  800.0   9446  0.025   730  3580  3580 699  43 223  35   0   0  -1  -1.0  -1
  805.0   9278  0.024   730  3589  3589 694  43 227  36   0   0  -1  -1.0  -1
  810.0   9114  0.024   730  3598  3598 690  43 231  36   0   0  -1  -1.0  -1
  815.0   8955  0.023   730  3606  3606 685  43 235  37   0   0  -1  -1.0  -1
  820.0   8801  0.023   730  3614  3614 681  43 238  38   0   0  -1  -1.0  -1
  825.0   8651  0.023   730  3622  3622 676  43 242  38   0   0  -1  -1.0  -1
  830.0   8505  0.022   730  3629  3629 672  43 246  39   0   0  -1  -1.0  -1
  835.0   8363  0.022   730  3636  3636 667  43 250  39   0   0  -1  -1.0  -1
  840.0   8225  0.021   730  3643  3643 663  43 254  40   0   0  -1  -1.0  -1
  845.0   8091  0.021   730  3648  3648 658  43 258  41   0   0  -1  -1.0  -1
  850.0   7961  0.021   730  3653  3653 653  44 262  41   0   0  -1  -1.0  -1
  855.0   7834  0.020   730  3658  3658 648  44 266  42   0   0  -1  -1.0  -1
  860.0   7711  0.020   730  3661  3661 644  44 270  43   0   0  -1  -1.0  -1
  865.0   7591  0.020   730  3665  3665 639  44 274  44   0   0  -1  -1.0  -1
  870.0   7474  0.019   730  3667  3667 634  44 278  44   0   0  -1  -1.0  -1
  875.0   7361  0.019   730  3669  3669 629  44 282  45   0   0  -1  -1.0  -1
  880.0   7250  0.019   730  3671  3671 624  44 286  46   0   0  -1  -1.0  -1
  885.0   7143  0.019   730  3672  3672 619  44 291  46   0   0  -1  -1.0  -1
  890.0   7039  0.018   730  3673  3673 614  44 295  47   0   0  -1  -1.0  -1
  895.0   6937  0.018   730  3674  3674 609  44 299  48   0   0  -1  -1.0  -1
  900.0   6838  0.018   730  3675  3675 604  44 304  49   0   0  -1  -1.0  -1
  905.0   6742  0.018   730  3675  3675 599  44 308  49   0   0  -1  -1.0  -1
  910.0   6649  0.017   730  3675  3675 593  44 313  50   0   0  -1  -1.0  -1
  915.0   6559  0.017   730  3675  3675 588  44 317  51   0   0  -1  -1.0  -1
  920.0   6471  0.017   730  3675  3675 583  44 322  52   0   0  -1  -1.0  -1
  925.0   6386  0.017   730  3675  3675 578  44 326  52   0   0  -1  -1.0  -1
  930.0   6303  0.016   730  3675  3675 572  44 331  53   0   0  -1  -1.0  -1
  935.0   6223  0.016   730  3675  3675 567  44 335  54   0   0  -1  -1.0  -1
  940.0   6145  0.016   730  3674  3674 561  44 340  55   0   0  -1  -1.0  -1
  945.0   6070  0.016   730  3674  3674 556  43 345  56   0   0  -1  -1.0  -1
  950.0   5997  0.016   730  3674  3674 551  43 350  56   0   0  -1  -1.0  -1
  955.0   5927  0.015   730  3674  3674 545  43 354  57   0   0  -1  -1.0  -1
  960.0   5858  0.015   730  3673  3673 540  43 359  58   0   0  -1  -1.0  -1
  965.0   5792  0.015   730  3673  3673 534  43 364  59   0   0  -1  -1.0  -1
  970.0   5728  0.015   730  3673  3673 528  43 369  60   0   0  -1  -1.0  -1
  975.0   5665  0.015   730  3672  3672 523  43 374  60   0   0  -1  -1.0  -1
  980.0   5605  0.015   730  3672  3672 517  43 379  61   0   0  -1  -1.0  -1
  985.0   5546  0.014   730  3672  3672 511  43 384  62   0   0  -1  -1.0  -1
  990.0   5489  0.014   730  3671  3671 506  43 389  63   0   0  -1  -1.0  -1
  995.0   5433  0.014   730  3671  3671 500  43 394  64   0   0  -1  -1.0  -1
 1000.0   5379  0.014   730  3670  3670 494  42 399  65   0   0  -1  -1.0  -1
