    0.0     -1 -1.000    -1    -1    -1  -1  -1  -1  -1  -1  -1  -1  -1.0  -1
    5.0     -1 -1.000    -1    -1    -1  -1  -1  -1  -1  -1  -1  -1  -1.0  -1
   10.0     -1 -1.000    -1    -1    -1  -1  -1  -1  -1  -1  -1  -1  -1.0  -1
   15.0     -1 -1.000    -1    -1    -1  -1  -1  -1  -1  -1  -1  -1  -1.0  -1
   20.0     -1 -1.000    -1    -1    -1  -1  -1  -1  -1  -1  -1  -1  -1.0  -1
   25.0     -1 -1.000    -1    -1    -1  -1  -1  -1  -1  -1  -1  -1  -1.0  -1
   30.0     -1 -1.000    -1    -1    -1  -1  -1  -1  -1  -1  -1  -1  -1.0  -1
   35.0     -1 -1.000    -1    -1    -1  -1  -1  -1  -1  -1  -1  -1  -1.0  -1
   40.0     -1 -1.000    -1    -1    -1  -1  -1  -1  -1  -1  -1  -1  -1.0  -1
   45.0     -1 -1.000    -1    -1    -1  -1  -1  -1  -1  -1  -1  -1  -1.0  -1
   50.0     -1 -1.000    -1    -1    -1  -1  -1  -1  -1  -1  -1  -1  -1.0  -1
   55.0     -1 -1.000    -1    -1    -1  -1  -1  -1  -1  -1  -1  -1  -1.0  -1
   60.0     -1 -1.000   238   238   238  -1  -1  -1  -1  -1  -1  -1  -1.0  -1
   65.0     -1 -1.000   232   232   232  -1  -1  -1  -1  -1  -1  -1  -1.0  -1
   70.0     -1 -1.000   227   227   227  -1  -1  -1  -1  -1  -1  -1  -1.0  -1
   75.0     -1 -1.000   223   223   223  -1  -1  -1  -1  -1  -1  -1  -1.0  -1
   80.0      1  0.000   213   213   213   0   0   0   0   0 1000  -1  -1.0  -1
   85.0    247  0.007   202   202   202   0   0   0   0   2 998  -1  -1.0  -1
   90.0    473  0.013   190   190   190   0   0   0   0   4 996  -1  -1.0  -1
   95.0   1372  0.036   182   182   182   0   0   0   0  14 986  -1  -1.0  -1
  100.0   1630  0.043   181   181   181   0   0   0   0  22 978  -1  -1.0  -1
  105.0   1672  0.044   190   190   190   0   0   0   0  27 973  -1  -1.0  -1
  110.0   1673  0.044   213   213   213   0   0   0   0  32 968  -1  -1.0  -1
  115.0   1366  0.036   256   256   256   0   0   0   0  28 972  -1  -1.0  -1
  120.0    890  0.024   321   321   321   0   0   0   0  19 981  -1  -1.0  -1
  125.0    566  0.015   386   386   386   0   0   0   0  12 988  -1  -1.0  -1
  130.0    399  0.011   435   435   435   0   0   0   0   9 991  -1  -1.0  -1
  135.0    330  0.009   475   475   475   0   0   0   0   8 991  -1  -1.0  -1
  140.0    324  0.009   506   506   506   0   0   0   0   9 990  -1  -1.0  -1
  145.0    370  0.010   532   532   532   1   0   0   0  12 987  -1  -1.0  -1
  150.0    467  0.012   552   552   552   1   0   0   0  17 982  -1  -1.0  -1
  155.0    617  0.016   568   568   576   2   0   0   0  25 973  -1  -1.0  -1
  160.0    815  0.022   581   581   596   3   0   0   0  37 960  -1  -1.0  -1
  165.0   1044  0.028   591   591   612   6   0   0   0  51 942  -1  -1.0  -1
  170.0   1306  0.035   599   599   627  10   0   0   0  69 920  -1  -1.0  -1
  175.0   2389  0.063   606   606   642  25   0   0   0 125 850  -1  -1.0  -1
  180.0   7193  0.191   611   611   656  88   0   0   0 268 644  -1  -1.0  -1
  185.0  10990  0.291   616   616   670 160   0   0   0 316 523  -1  -1.0  -1
  190.0  14541  0.385   619   619   684 247   0   0   0 323 429  -1  -1.0  -1
  195.0  17864  0.473   622   622   698 346   0   0   0 304 349  -1  -1.0  -1
  200.0  20938  0.555   624   624   712 449   0   0   0 269 281  -1  -1.0  -1
  205.0  23744  0.629   626   628   727 549   0   0   0 228 222  -1  -1.0  -1
  210.0  26269  0.696   627   632   741 639   0   0   0 186 174  -1  -1.0  -1
  215.0  28540  0.756   628   636   755 717   0   0   0 148 134  -1  -1.0  -1
  220.0  30636  0.811   629   640   769 781   0   0   0 115 103  -1  -1.0  -1
  225.0  32514  0.861   630   644   783 832   0   0   0  88  78  -1  -1.0  -1
  230.0  34134  0.904   630   648   797 872   0   0   0  67  59  -1  -1.0  -1
  235.0  35464  0.939   631   652   811 903   0   0   0  51  45  -1  -1.0  -1
  240.0  36485  0.966   631   656   825 926   0   0   0  39  35  -1  -1.0  -1
  245.0  37194  0.985   632   660   840 943   0   0   0  29  27  -1  -1.0  -1
  250.0  37605  0.996   632   664   854 956   0   0   0  22  21  -1  -1.0  -1
  255.0  37752  1.000   632   668   868 966   0   0   0  17  16  -1  -1.0  -1
  260.0  37728  0.999   632   672   882 974   0   0   0  13  13  -1  -1.0  -1
  265.0  37625  0.997   632   676   896 980   0   0   0  10  10  -1  -1.0  -1
  270.0  37446  0.992   632   679   910 984   0   0   0   8   8  -1  -1.0  -1
  275.0  37194  0.985   632   683   924 988   0   0   0   6   6  -1  -1.0  -1
  280.0  36871  0.977   633   687   938 990   0   0   0   5   5  -1  -1.0  -1
  285.0  36479  0.966   633   691   953 992   0   0   0   4   4  -1  -1.0  -1
  290.0  36023  0.954   633   695   967 994   0   0   0   3   3  -1  -1.0  -1
  295.0  35506  0.940   633   699   981 995   0   0   0   2   2  -1  -1.0  -1
  300.0  34932  0.925   633   703   995 953  40   4   4   0   0  -1  -1.0  -1
  305.0  34304  0.909   633   707  1009 953  39   4   4   0   0  -1  -1.0  -1
  310.0  33628  0.891   633   711  1023 952  39   5   4   0   0  -1  -1.0  -1
  315.0  32907  0.872   633   715  1037 952  38   5   5   0   0  -1  -1.0  -1
  320.0  32145  0.851   633   719  1051 951  38   6   5   0   0  -1  -1.0  -1
  325.0  31346  0.830   633   723  1065 950  38   6   6   0   0  -1  -1.0  -1
  330.0  30515  0.808   633   727  1079 949  37   7   6   0   0  -1  -1.0  -1
  335.0  29655  0.785   633   731  1093 948  37   8   7   0   0  -1  -1.0  -1
  340.0  28771  0.762   633   735  1107 947  36   9   7   0   0  -1  -1.0  -1
  345.0  27867  0.738   633   740  1119 946  36  10   8   0   0  -1  -1.0  -1
  350.0  26946  0.714   633   745  1130 944  36  12   8   0   0  -1  -1.0  -1
  355.0  26042  0.690   633   750  1138 943  35  13   9   0   0  -1  -1.0  -1
  360.0  25160  0.666   633   756  1144 941  35  15  10   0   0  -1  -1.0  -1
  365.0  24284  0.643   633   762  1150 938  34  17  10   0   0  -1  -1.0  -1
  370.0  23417  0.620   633   768  1155 936  34  19  11   0   0  -1  -1.0  -1
  375.0  22562  0.598   633   774  1159 933  34  21  12   0   0  -1  -1.0  -1
  380.0  21721  0.575   633   781  1164 930  33  24  13   0   0  -1  -1.0  -1
  385.0  20899  0.554   633   787  1169 926  33  27  14   0   0  -1  -1.0  -1
  390.0  20097  0.532   633   793  1173 922  32  30  15   0   0  -1  -1.0  -1
  395.0  19317  0.512   633   800  1178 918  32  33  17   0   0  -1  -1.0  -1
  400.0  18560  0.492   633   806  1183 913  31  37  18   0   0  -1  -1.0  -1
  405.0  17827  0.472   633   812  1187 908  31  42  19   0   0  -1  -1.0  -1
  410.0  17120  0.453   633   818  1192 902  30  47  21   0   0  -1  -1.0  -1
  415.0  16438  0.435   633   825  1196 895  30  52  22   0   0  -1  -1.0  -1
  420.0  15782  0.418   633   831  1201 888  29  59  24   0   0  -1  -1.0  -1
  425.0  15152  0.401   633   836  1206 880  29  66  26   0   0  -1  -1.0  -1
  430.0  14548  0.385   633   841  1210 871  28  73  28   0   0  -1  -1.0  -1
  435.0  13969  0.370   633   845  1215 861  28  81  30   0   0  -1  -1.0  -1
  440.0  13415  0.355   633   849  1220 851  27  91  32   0   0  -1  -1.0  -1
  445.0  12885  0.341   633   851  1224 839  27 101  34   0   0  -1  -1.0  -1
  450.0  12353  0.327   633   854  1229 826  26 112  36   0   0  -1  -1.0  -1
  455.0  11782  0.312   633   857  1234 813  25 124  38   0   0  -1  -1.0  -1
  460.0  11241  0.298   633   860  1238 798  25 137  41   0   0  -1  -1.0  -1
  465.0  10729  0.284   633   862  1243 782  24 151  43   0   0  -1  -1.0  -1
  470.0  10243  0.271   633   865  1247 765  23 166  46   0   0  -1  -1.0  -1
  475.0   9783  0.259   633   868  1252 746  23 183  48   0   0  -1  -1.0  -1
  480.0   9347  0.248   633   870  1257 727  22 200  51   0   0  -1  -1.0  -1
  485.0   8935  0.237   633   873  1261 706  21 219  54   0   0  -1  -1.0  -1
  490.0   8545  0.226   633   876  1266 685  20 239  56   0   0  -1  -1.0  -1
  495.0   8176  0.217   633   878  1271 662  20 260  59   0   0  -1  -1.0  -1
  500.0   7827  0.207   633   881  1275 639  19 281  61   0   0  -1  -1.0  -1
  505.0   7497  0.199   633   884  1280 614  18 304  64   0   0  -1  -1.0  -1
  510.0   7185  0.190   633   886  1285 590  17 327  66   0   0  -1  -1.0  -1
  515.0   6890  0.182   633   889  1290 565  17 350  68   0   0  -1  -1.0  -1
  520.0   6611  0.175   633   892  1295 539  16 374  70   0   0  -1  -1.0  -1
  525.0   6347  0.168   633   894  1300 514  15 398  72   0   0  -1  -1.0  -1
  530.0   6098  0.162   633   897  1306 489  15 422  74   0   0  -1  -1.0  -1
  535.0   5862  0.155   633   900  1312 465  14 446  75   0   0  -1  -1.0  -1
  540.0   5639  0.149   633   902  1319 441  14 469  76   0   0  -1  -1.0  -1
  545.0   5428  0.144   633   905  1328 418  14 491  77   0   0  -1  -1.0  -1
  550.0   5229  0.138   633   908  1337 395  14 513  78   0   0  -1  -1.0  -1
  555.0   5040  0.133   633   910  1348 374  13 534  79   0   0  -1  -1.0  -1
  560.0   4861  0.129   633   913  1361 354  13 554  79   0   0  -1  -1.0  -1
  565.0   4692  0.124   633   916  1374 335  13 573  79   0   0  -1  -1.0  -1
  570.0   4532  0.120   633   919  1388 317  13 591  79   0   0  -1  -1.0  -1
  575.0   4380  0.116   633   923  1403 300  13 608  79   0   0  -1  -1.0  -1
  580.0   4236  0.112   633   927  1419 283  14 624  79   0   0  -1  -1.0  -1
  585.0   4099  0.109   633   931  1434 268  14 640  78   0   0  -1  -1.0  -1
  590.0   3970  0.105   633   937  1450 253  14 655  78   0   0  -1  -1.0  -1
  595.0   3847  0.102   633   943  1466 239  14 669  77   0   0  -1  -1.0  -1
  600.0   3730  0.099   633   952  1482 226  15 682  77   0   0  -1  -1.0  -1
  605.0   3619  0.096   633   961  1498 214  15 695  76   0   0  -1  -1.0  -1
  610.0   3513  0.093   633   973  1514 202  15 708  75   0   0  -1  -1.0  -1
  615.0   3412  0.090   633   985  1530 190  16 720  74   0   0  -1  -1.0  -1
  620.0   3316  0.088   633   999  1546 179  16 731  74   0   0  -1  -1.0  -1
  625.0   3225  0.085   633  1013  1562 169  17 742  73   0   0  -1  -1.0  -1
  630.0   3138  0.083   633  1027  1578 159  17 752  72   0   0  -1  -1.0  -1
  635.0   3054  0.081   633  1042  1594 150  18 762  71   0   0  -1  -1.0  -1
  640.0   2975  0.079   633  1057  1610 141  18 771  70   0   0  -1  -1.0  -1
  645.0   2899  0.077   633  1072  1626 132  19 780  69   0   0  -1  -1.0  -1
  650.0   2826  0.075   633  1087  1642 125  19 789  67   0   0  -1  -1.0  -1
  655.0   2757  0.073   633  1103  1658 117  19 797  66   0   0  -1  -1.0  -1
  660.0   2690  0.071   633  1118  1674 110  20 805  65   0   0  -1  -1.0  -1
  665.0   2627  0.070   633  1133  1690 103  20 812  64   0   0  -1  -1.0  -1
  670.0   2566  0.068   633  1148  1706  97  21 819  63   0   0  -1  -1.0  -1
  675.0   2507  0.066   633  1164  1722  91  21 826  62   0   0  -1  -1.0  -1
  680.0   2451  0.065   633  1179  1738  85  22 832  61   0   0  -1  -1.0  -1
  685.0   2396  0.063   633  1194  1754  80  22 838  60   0   0  -1  -1.0  -1
  690.0   2344  0.062   633  1210  1770  75  23 844  59   0   0  -1  -1.0  -1
  695.0   2294  0.061   633  1225  1786  71  23 849  57   0   0  -1  -1.0  -1
  700.0   2246  0.059   633  1240  1802  67  24 854  56   0   0  -1  -1.0  -1
  705.0   2199  0.058   633  1255  1818  63  24 858  55   0   0  -1  -1.0  -1
  710.0   2154  0.057   633  1271  1834  59  24 862  54   0   0  -1  -1.0  -1
  715.0   2110  0.056   633  1286  1850  56  25 866  54   0   0  -1  -1.0  -1
  720.0   2068  0.055   633  1301  1866  53  25 870  53   0   0  -1  -1.0  -1
  725.0   2028  0.054   633  1317  1882  50  25 873  52   0   0  -1  -1.0  -1
  730.0   1988  0.053   633  1332  1898  48  25 876  51   0   0  -1  -1.0  -1
  735.0   1950  0.052   633  1347  1914  45  25 879  51   0   0  -1  -1.0  -1
  740.0   1912  0.051   633  1363  1929  44  25 881  50   0   0  -1  -1.0  -1
  745.0   1876  0.050   633  1378  1945  42  25 883  50   0   0  -1  -1.0  -1
  750.0   1841  0.049   633  1393  1961  40  25 885  49   0   0  -1  -1.0  -1
  755.0   1807  0.048   633  1409  1977  39  25 887  49   0   0  -1  -1.0  -1
  760.0   1774  0.047   633  1424  1993  38  25 889  49   0   0  -1  -1.0  -1
  765.0   1742  0.046   633  1439  2009  37  25 890  48   0   0  -1  -1.0  -1
  770.0   1711  0.045   633  1454  2025  36  24 892  48   0   0  -1  -1.0  -1
  775.0   1680  0.045   633  1470  2040  35  24 893  48   0   0  -1  -1.0  -1
  780.0   1651  0.044   633  1485  2056  34  24 894  48   0   0  -1  -1.0  -1
  785.0   1623  0.043   633  1500  2071  33  23 895  48   0   0  -1  -1.0  -1
  790.0   1595  0.042   633  1516  2086  33  23 896  48   0   0  -1  -1.0  -1
  795.0   1568  0.042   633  1531  2102  32  23 897  48   0   0  -1  -1.0  -1
  800.0   1543  0.041   633  1546  2116  31  22 898  48   0   0  -1  -1.0  -1
  805.0   1518  0.040   633  1562  2131  31  22 899  48   0   0  -1  -1.0  -1
  810.0   1494  0.040   633  1577  2145  30  22 900  49   0   0  -1  -1.0  -1
  815.0   1471  0.039   633  1592  2159  30  21 900  49   0   0  -1  -1.0  -1
  820.0   1448  0.038   633  1607  2172  29  21 901  49   0   0  -1  -1.0  -1
  825.0   1427  0.038   633  1623  2184  29  21 902  49   0   0  -1  -1.0  -1
  830.0   1406  0.037   633  1638  2196  28  20 903  49   0   0  -1  -1.0  -1
  835.0   1386  0.037   633  1653  2207  28  20 903  49   0   0  -1  -1.0  -1
  840.0   1366  0.036   633  1669  2217  27  19 904  49   0   0  -1  -1.0  -1
  845.0   1348  0.036   633  1684  2226  27  19 905  49   0   0  -1  -1.0  -1
  850.0   1330  0.035   633  1699  2234  26  19 905  49   0   0  -1  -1.0  -1
  855.0   1313  0.035   633  1715  2240  26  18 906  50   0   0  -1  -1.0  -1
  860.0   1296  0.034   633  1730  2246  26  18 907  50   0   0  -1  -1.0  -1
  865.0   1280  0.034   633  1745  2251  25  18 907  50   0   0  -1  -1.0  -1
  870.0   1265  0.033   633  1760  2254  25  17 908  50   0   0  -1  -1.0  -1
  875.0   1250  0.033   633  1776  2257  24  17 909  50   0   0  -1  -1.0  -1
  880.0   1236  0.033   633  1791  2259  24  17 909  50   0   0  -1  -1.0  -1
  885.0   1222  0.032   633  1806  2261  24  16 910  50   0   0  -1  -1.0  -1
  890.0   1209  0.032   633  1822  2262  23  16 910  50   0   0  -1  -1.0  -1
  895.0   1196  0.032   633  1837  2262  23  16 911  51   0   0  -1  -1.0  -1
  900.0   1184  0.031   633  1852  2262  22  15 912  51   0   0  -1  -1.0  -1
  905.0   1173  0.031   633  1868  2262  22  15 912  51   0   0  -1  -1.0  -1
  910.0   1162  0.031   633  1883  2261  22  15 913  51   0   0  -1  -1.0  -1
  915.0   1151  0.030   633  1898  2261  21  15 913  51   0   0  -1  -1.0  -1
  920.0   1141  0.030   633  1913  2260  21  14 914  51   0   0  -1  -1.0  -1
  925.0   1132  0.030   633  1929  2259  21  14 914  51   0   0  -1  -1.0  -1
  930.0   1122  0.030   633  1944  2258  20  14 915  51   0   0  -1  -1.0  -1
  935.0   1113  0.029   633  1959  2257  20  13 915  51   0   0  -1  -1.0  -1
  940.0   1105  0.029   633  1975  2256  19  13 916  52   0   0  -1  -1.0  -1
  945.0   1096  0.029   633  1990  2254  19  13 916  52   0   0  -1  -1.0  -1
  950.0   1088  0.029   633  2005  2253  19  13 917  52   0   0  -1  -1.0  -1
  955.0   1081  0.029   633  2021  2252  18  12 917  52   0   0  -1  -1.0  -1
  960.0   1073  0.028   633  2036  2250  18  12 918  52   0   0  -1  -1.0  -1
  965.0   1066  0.028   633  2051  2249  18  12 918  52   0   0  -1  -1.0  -1
  970.0   1059  0.028   633  2066  2248  17  12 919  52   0   0  -1  -1.0  -1
  975.0   1052  0.028   633  2082  2246  17  11 919  52   0   0  -1  -1.0  -1
  980.0   1045  0.028   633  2097  2245  17  11 920  52   0   0  -1  -1.0  -1
  985.0   1039  0.028   633  2112  2243  16  11 920  52   0   0  -1  -1.0  -1
  990.0   1032  0.027   633  2128  2242  16  11 921  52   0   0  -1  -1.0  -1
  995.0   1026  0.027   633  2143  2241  16  11 922  52   0   0  -1  -1.0  -1
 1000.0   1020  0.027   633  2158  2239  15  10 922  52   0   0  -1  -1.0  -1
