    0.0     -1 -1.000    -1    -1    -1  -1  -1  -1  -1  -1  -1  -1  -1.0  -1
    5.0     -1 -1.000    -1    -1    -1  -1  -1  -1  -1  -1  -1  -1  -1.0  -1
   10.0     -1 -1.000    -1    -1    -1  -1  -1  -1  -1  -1  -1  -1  -1.0  -1
   15.0     -1 -1.000    -1    -1    -1  -1  -1  -1  -1  -1  -1  -1  -1.0  -1
   20.0     -1 -1.000    -1    -1    -1  -1  -1  -1  -1  -1  -1  -1  -1.0  -1
   25.0     -1 -1.000    -1    -1    -1  -1  -1  -1  -1  -1  -1  -1  -1.0  -1
   30.0     -1 -1.000    -1    -1    -1  -1  -1  -1  -1  -1  -1  -1  -1.0  -1
   35.0     -1 -1.000    -1    -1    -1  -1  -1  -1  -1  -1  -1  -1  -1.0  -1
   40.0     -1 -1.000    -1    -1    -1  -1  -1  -1  -1  -1  -1  -1  -1.0  -1
   45.0     -1 -1.000    -1    -1    -1  -1  -1  -1  -1  -1  -1  -1  -1.0  -1
   50.0     -1 -1.000    -1    -1    -1  -1  -1  -1  -1  -1  -1  -1  -1.0  -1
   55.0     -1 -1.000    -1    -1    -1  -1  -1  -1  -1  -1  -1  -1  -1.0  -1
   60.0     -1 -1.000   242   242   242  -1  -1  -1  -1  -1  -1  -1  -1.0  -1
   65.0    152  0.000   225   225   225  -1  -1  -1  -1  -1  -1  -1  -1.0  -1
   70.0    399  0.001   208   208   208  -1  -1  -1  -1  -1  -1  -1  -1.0  -1
   75.0    700  0.001   194   194   194  -1  -1  -1  -1  -1  -1  -1  -1.0  -1
   80.0    960  0.002   179   179   179   0   0   0   0   8 992  -1  -1.0  -1
   85.0   2026  0.004   169   169   169   0   0   0   0  18 982  -1  -1.0  -1
   90.0  20146  0.040   169   169   169   0   0   0   0 156 844  -1  -1.0  -1
   95.0  74146  0.147   181   181   181   0   0   0   0 422 578  -1  -1.0  -1
  100.0 134497  0.267   201   201   201   0   0   0   0 504 495  -1  -1.0  -1
  105.0 161862  0.321   222   222   222   0   0   0   0 460 540  -1  -1.0  -1
  110.0 165135  0.327   250   250   250   0   0   0   0 386 613  -1  -1.0  -1
  115.0 160955  0.319   297   297   297   1   0   0   0 311 686  -1  -1.0  -1
  120.0 157644  0.312   369   369   369   3   0   0   0 243 751  -1  -1.0  -1
  125.0 163234  0.323   453   453   453   6   1   0   0 203 785  -1  -1.0  -1
  130.0 171157  0.339   527   527   527  12   1   0   0 193 786  -1  -1.0  -1
  135.0 179336  0.355   591   591   591  22   1   0   0 197 768  -1  -1.0  -1
  140.0 187886  0.372   646   646   646  34   2   0   0 204 745  -1  -1.0  -1
  145.0 196823  0.390   694   694   715  51   3   0   0 206 723  -1  -1.0  -1
  150.0 206169  0.409   735   735   784  72   3   0   0 206 697  -1  -1.0  -1
  155.0 215948  0.428   770   770   854  98   4   0   0 204 669  -1  -1.0  -1
  160.0 226185  0.448   801   801   923 130   5   0   0 198 639  -1  -1.0  -1
  165.0 236911  0.470   827   827   992 168   6   0   0 190 605  -1  -1.0  -1
  170.0 248129  0.492   850   850  1062 213   7   0   0 180 568  -1  -1.0  -1
  175.0 259010  0.513   870   870  1131 262   8   0   0 168 527  -1  -1.0  -1
  180.0 269064  0.533   887   887  1200 315   9   0   0 156 484  -1  -1.0  -1
  185.0 278118  0.551   902   902  1269 372  10   0   0 142 441  -1  -1.0  -1
  190.0 285954  0.567   915   915  1338 429  11   0   0 128 397  -1  -1.0  -1
  195.0 292237  0.579   926   926  1406 485  11   0   0 115 355  -1  -1.0  -1
  200.0 296218  0.587   935   935  1473 539  12   0   0 102 314  -1  -1.0  -1
  205.0 312780  0.620   944   944  1536 601  12   0   0  88 267  -1  -1.0  -1
  210.0 332348  0.659   951   951  1592 660  13   0   0  75 222  -1  -1.0  -1
  215.0 351799  0.697   957   957  1638 715  13   0   0  63 182  -1  -1.0  -1
  220.0 370950  0.735   962   962  1677 763  14   0   0  52 147  -1  -1.0  -1
  225.0 389608  0.772   967   967  1711 803  14   0   0  43 118  -1  -1.0  -1
  230.0 407570  0.808   971   971  1743 837  14   0   0  35  94  -1  -1.0  -1
  235.0 424628  0.842   975   975  1774 865  14   0   0  29  74  -1  -1.0  -1
  240.0 440572  0.873   978   978  1805 888  14   0   0  24  59  -1  -1.0  -1
  245.0 455193  0.902   980   980  1836 907  14   0   0  19  47  -1  -1.0  -1
  250.0 468287  0.928   982   982  1867 922  14   0   0  16  38  -1  -1.0  -1
  255.0 479657  0.951   984   984  1897 934  14   0   0  13  30  -1  -1.0  -1
  260.0 489115  0.969   986   987  1928 943  14   0   0  11  24  -1  -1.0  -1
  265.0 496486  0.984   988   991  1959 951  14   0   0   9  20  -1  -1.0  -1
  270.0 501599  0.994   989   995  1990 957  14   0   0   7  16  -1  -1.0  -1
  275.0 504267  0.999   990  1000  2020 962  14   0   0   6  13  -1  -1.0  -1
  280.0 504122  0.999   991  1004  2051 965  14   0   0   5  11  -1  -1.0  -1
  285.0 502465  0.996   992  1008  2082 967  14   0   0   5  10  -1  -1.0  -1
  290.0 499809  0.991   993  1012  2112 969  15   0   0   4   8  -1  -1.0  -1
  295.0 496185  0.983   993  1017  2143 970  16   0   0   3   7  -1  -1.0  -1
  300.0 491637  0.974   994  1021  2174 982  18   0   0   0   0  -1  -1.0  -1
  305.0 486213  0.964   994  1025  2205 981  18   0   0   0   0  -1  -1.0  -1
  310.0 479966  0.951   995  1030  2235 981  19   0   0   0   0  -1  -1.0  -1
  315.0 472953  0.937   995  1034  2266 981  19   0   0   0   0  -1  -1.0  -1
  320.0 465235  0.922   995  1038  2297 980  19   0   0   0   0  -1  -1.0  -1
  325.0 456878  0.905   996  1042  2327 980  20   1   0   0   0  -1  -1.0  -1
  330.0 447946  0.888   996  1047  2358 979  20   1   0   0   0  -1  -1.0  -1
  335.0 438505  0.869   996  1051  2387 979  21   1   0   0   0  -1  -1.0  -1
  340.0 428621  0.849   996  1055  2415 978  21   1   0   0   0  -1  -1.0  -1
  345.0 418360  0.829   996  1060  2438 978  21   1   0   0   0  -1  -1.0  -1
  350.0 407785  0.808   997  1064  2454 977  22   1   0   0   0  -1  -1.0  -1
  355.0 396958  0.787   997  1068  2461 977  22   1   0   0   0  -1  -1.0  -1
  360.0 385939  0.765   997  1073  2460 976  23   1   0   0   0  -1  -1.0  -1
  365.0 374783  0.743   997  1078  2456 976  23   1   0   0   0  -1  -1.0  -1
  370.0 363545  0.720   997  1082  2449 975  24   1   0   0   0  -1  -1.0  -1
  375.0 352273  0.698   997  1087  2441 975  24   1   0   0   0  -1  -1.0  -1
  380.0 341016  0.676   997  1091  2434 974  25   1   0   0   0  -1  -1.0  -1
  385.0 329815  0.654   997  1096  2426 974  25   1   0   0   0  -1  -1.0  -1
  390.0 318710  0.632   997  1100  2418 973  26   1   0   0   0  -1  -1.0  -1
  395.0 307735  0.610   997  1105  2410 972  26   1   0   0   0  -1  -1.0  -1
  400.0 296921  0.588   997  1109  2402 972  27   1   0   0   0  -1  -1.0  -1
  405.0 286298  0.567   997  1114  2394 971  27   1   0   0   0  -1  -1.0  -1
  410.0 275889  0.547   997  1119  2386 971  28   1   0   0   0  -1  -1.0  -1
  415.0 265713  0.527   997  1123  2379 970  28   2   0   0   0  -1  -1.0  -1
  420.0 255790  0.507   997  1128  2371 969  29   2   0   0   0  -1  -1.0  -1
  425.0 246134  0.488   997  1134  2363 969  30   2   0   0   0  -1  -1.0  -1
  430.0 236755  0.469   997  1142  2355 968  30   2   0   0   0  -1  -1.0  -1
  435.0 227663  0.451   997  1151  2347 967  31   2   0   0   0  -1  -1.0  -1
  440.0 218865  0.434   997  1162  2339 966  31   2   0   0   0  -1  -1.0  -1
  445.0 210364  0.417   997  1173  2331 966  32   2   0   0   0  -1  -1.0  -1
  450.0 202162  0.401   997  1185  2323 965  33   2   0   0   0  -1  -1.0  -1
  455.0 194261  0.385   997  1197  2315 964  33   2   0   0   0  -1  -1.0  -1
  460.0 186659  0.370   997  1209  2308 963  34   3   0   0   0  -1  -1.0  -1
  465.0 179353  0.355   997  1221  2300 962  35   3   0   0   0  -1  -1.0  -1
  470.0 172339  0.342   997  1232  2292 961  35   3   0   0   0  -1  -1.0  -1
  475.0 165614  0.328   997  1244  2284 961  36   3   0   0   0  -1  -1.0  -1
  480.0 159170  0.315   997  1256  2276 960  37   3   0   0   0  -1  -1.0  -1
  485.0 153002  0.303   997  1268  2268 959  38   3   0   0   0  -1  -1.0  -1
  490.0 147102  0.292   997  1280  2260 958  38   4   0   0   0  -1  -1.0  -1
  495.0 141464  0.280   997  1292  2253 957  39   4   0   0   0  -1  -1.0  -1
  500.0 136079  0.270   997  1304  2245 956  40   4   0   0   0  -1  -1.0  -1
  505.0 131322  0.260   997  1316  2237 955  41   4   0   0   0  -1  -1.0  -1
  510.0 126784  0.251   997  1328  2230 954  41   5   0   0   0  -1  -1.0  -1
  515.0 122449  0.243   997  1340  2223 953  42   5   0   0   0  -1  -1.0  -1
  520.0 118312  0.234   997  1352  2216 952  43   5   0   0   0  -1  -1.0  -1
  525.0 114365  0.227   997  1364  2211 950  44   5   0   0   0  -1  -1.0  -1
  530.0 110601  0.219   997  1376  2206 949  44   6   0   0   0  -1  -1.0  -1
  535.0 107014  0.212   997  1388  2204 948  45   6   0   0   0  -1  -1.0  -1
  540.0 103598  0.205   997  1400  2204 947  46   6   0   0   0  -1  -1.0  -1
  545.0 100344  0.199   997  1412  2208 946  47   7   0   0   0  -1  -1.0  -1
  550.0  97247  0.193   997  1424  2216 945  48   7   0   0   0  -1  -1.0  -1
  555.0  94302  0.187   997  1436  2229 944  48   7   0   0   0  -1  -1.0  -1
  560.0  91500  0.181   997  1448  2246 943  49   7   1   0   0  -1  -1.0  -1
  565.0  88838  0.176   997  1460  2266 942  50   8   1   0   0  -1  -1.0  -1
  570.0  86308  0.171   997  1472  2290 941  51   8   1   0   0  -1  -1.0  -1
  575.0  83904  0.166   997  1485  2315 940  51   8   1   0   0  -1  -1.0  -1
  580.0  81622  0.162   997  1497  2341 939  52   8   1   0   0  -1  -1.0  -1
  585.0  79454  0.157   997  1509  2369 938  53   9   1   0   0  -1  -1.0  -1
  590.0  77396  0.153   997  1522  2396 937  54   9   1   0   0  -1  -1.0  -1
  595.0  75442  0.150   997  1535  2425 936  54   9   1   0   0  -1  -1.0  -1
  600.0  73585  0.146   997  1549  2453 935  55   9   1   0   0  -1  -1.0  -1
  605.0  71820  0.142   997  1563  2481 934  56   9   1   0   0  -1  -1.0  -1
  610.0  70141  0.139   997  1577  2510 933  57  10   1   0   0  -1  -1.0  -1
  615.0  68543  0.136   997  1592  2539 932  57  10   1   0   0  -1  -1.0  -1
  620.0  67020  0.133   997  1607  2567 931  58  10   1   0   0  -1  -1.0  -1
  625.0  65568  0.130   997  1622  2596 930  59  10   1   0   0  -1  -1.0  -1
  630.0  64179  0.127   997  1637  2625 929  60  11   1   0   0  -1  -1.0  -1
  635.0  62851  0.125   997  1653  2653 928  60  11   1   0   0  -1  -1.0  -1
  640.0  61579  0.122   997  1668  2682 927  61  11   1   0   0  -1  -1.0  -1
  645.0  60358  0.120   997  1683  2711 926  62  11   1   0   0  -1  -1.0  -1
  650.0  59185  0.117   997  1699  2739 925  63  12   1   0   0  -1  -1.0  -1
  655.0  58056  0.115   997  1714  2768 924  64  12   1   0   0  -1  -1.0  -1
  660.0  56969  0.113   997  1730  2797 923  64  12   1   0   0  -1  -1.0  -1
  665.0  55922  0.111   997  1745  2826 922  65  12   1   0   0  -1  -1.0  -1
  670.0  54911  0.109   997  1761  2854 921  66  13   1   0   0  -1  -1.0  -1
  675.0  53936  0.107   997  1776  2883 920  67  13   1   0   0  -1  -1.0  -1
  680.0  52994  0.105   997  1792  2912 918  68  13   1   0   0  -1  -1.0  -1
  685.0  52084  0.103   997  1807  2940 917  69  13   1   0   0  -1  -1.0  -1
  690.0  51204  0.101   997  1823  2969 916  69  14   1   0   0  -1  -1.0  -1
  695.0  50355  0.100   997  1838  2998 915  70  14   1   0   0  -1  -1.0  -1
  700.0  49533  0.098   997  1854  3026 914  71  14   1   0   0  -1  -1.0  -1
  705.0  48738  0.097   997  1869  3055 913  72  15   1   0   0  -1  -1.0  -1
  710.0  47969  0.095   997  1885  3084 912  73  15   1   0   0  -1  -1.0  -1
  715.0  47225  0.094   997  1900  3112 910  73  15   1   0   0  -1  -1.0  -1
  720.0  46504  0.092   997  1916  3141 909  74  15   1   0   0  -1  -1.0  -1
  725.0  45632  0.090   997  1931  3170 908  75  16   1   0   0  -1  -1.0  -1
  730.0  44546  0.088   997  1947  3198 907  76  16   1   0   0  -1  -1.0  -1
  735.0  43497  0.086   997  1962  3227 906  76  16   1   0   0  -1  -1.0  -1
  740.0  42482  0.084   997  1977  3256 905  77  17   1   0   0  -1  -1.0  -1
  745.0  41501  0.082   997  1993  3284 904  78  17   1   0   0  -1  -1.0  -1
  750.0  40551  0.080   997  2008  3313 903  78  18   1   0   0  -1  -1.0  -1
  755.0  39632  0.079   997  2024  3341 902  79  18   1   0   0  -1  -1.0  -1
  760.0  38741  0.077   997  2039  3370 901  80  18   1   0   0  -1  -1.0  -1
  765.0  37879  0.075   997  2055  3398 900  80  19   1   0   0  -1  -1.0  -1
  770.0  37043  0.073   997  2070  3426 899  81  19   1   0   0  -1  -1.0  -1
  775.0  36234  0.072   997  2086  3454 898  81  19   1   0   0  -1  -1.0  -1
  780.0  35450  0.070   997  2101  3482 897  82  20   1   0   0  -1  -1.0  -1
  785.0  34690  0.069   997  2117  3510 897  82  20   1   0   0  -1  -1.0  -1
  790.0  33954  0.067   997  2132  3537 896  82  21   1   0   0  -1  -1.0  -1
  795.0  33240  0.066   997  2148  3565 895  83  21   1   0   0  -1  -1.0  -1
  800.0  32549  0.065   997  2163  3591 894  83  22   1   0   0  -1  -1.0  -1
  805.0  31879  0.063   997  2179  3618 893  84  22   1   0   0  -1  -1.0  -1
  810.0  31229  0.062   997  2194  3643 892  84  23   1   0   0  -1  -1.0  -1
  815.0  30600  0.061   997  2210  3668 891  84  23   1   0   0  -1  -1.0  -1
  820.0  29990  0.059   997  2225  3692 890  85  24   1   0   0  -1  -1.0  -1
  825.0  29398  0.058   997  2241  3715 889  85  24   1   0   0  -1  -1.0  -1
  830.0  28824  0.057   997  2256  3736 888  86  25   1   0   0  -1  -1.0  -1
  835.0  28268  0.056   997  2272  3756 887  86  25   2   0   0  -1  -1.0  -1
  840.0  27729  0.055   997  2287  3775 886  86  26   2   0   0  -1  -1.0  -1
  845.0  27206  0.054   997  2303  3792 886  87  26   2   0   0  -1  -1.0  -1
  850.0  26699  0.053   997  2318  3807 885  87  27   2   0   0  -1  -1.0  -1
  855.0  26206  0.052   997  2334  3820 884  88  27   2   0   0  -1  -1.0  -1
  860.0  25729  0.051   997  2349  3832 883  88  28   2   0   0  -1  -1.0  -1
  865.0  25265  0.050   997  2365  3842 882  88  28   2   0   0  -1  -1.0  -1
  870.0  24816  0.049   997  2380  3850 881  89  29   2   0   0  -1  -1.0  -1
  875.0  24379  0.048   997  2395  3857 880  89  30   2   0   0  -1  -1.0  -1
  880.0  23956  0.047   997  2411  3862 879  89  30   2   0   0  -1  -1.0  -1
  885.0  23545  0.047   997  2426  3867 878  90  31   2   0   0  -1  -1.0  -1
  890.0  23147  0.046   997  2442  3870 877  90  31   2   0   0  -1  -1.0  -1
  895.0  22760  0.045   997  2457  3873 876  90  32   2   0   0  -1  -1.0  -1
  900.0  22385  0.044   997  2473  3875 875  91  33   2   0   0  -1  -1.0  -1
  905.0  22021  0.044   997  2488  3877 874  91  33   2   0   0  -1  -1.0  -1
  910.0  21668  0.043   997  2504  3878 873  91  34   2   0   0  -1  -1.0  -1
  915.0  21327  0.042   997  2519  3879 872  91  34   2   0   0  -1  -1.0  -1
  920.0  20995  0.042   997  2535  3880 871  92  35   2   0   0  -1  -1.0  -1
  925.0  20675  0.041   997  2550  3880 870  92  36   2   0   0  -1  -1.0  -1
  930.0  20364  0.040   997  2566  3880 870  92  36   2   0   0  -1  -1.0  -1
  935.0  20063  0.040   997  2581  3881 869  92  37   2   0   0  -1  -1.0  -1
  940.0  19772  0.039   997  2597  3881 868  92  38   2   0   0  -1  -1.0  -1
  945.0  19491  0.039   997  2612  3881 867  92  38   2   0   0  -1  -1.0  -1
  950.0  19218  0.038   997  2628  3881 866  93  39   2   0   0  -1  -1.0  -1
  955.0  18955  0.038   997  2643  3880 865  93  40   2   0   0  -1  -1.0  -1
  960.0  18699  0.037   997  2659  3880 864  93  40   2   0   0  -1  -1.0  -1
  965.0  18452  0.037   997  2674  3880 863  93  41   3   0   0  -1  -1.0  -1
  970.0  18213  0.036   997  2690  3880 862  93  42   3   0   0  -1  -1.0  -1
  975.0  17980  0.036   997  2705  3880 861  94  42   3   0   0  -1  -1.0  -1
  980.0  17755  0.035   997  2721  3879 860  94  43   3   0   0  -1  -1.0  -1
  985.0  17536  0.035   997  2736  3879 860  94  44   3   0   0  -1  -1.0  -1
  990.0  17324  0.034   997  2752  3879 859  94  45   3   0   0  -1  -1.0  -1
  995.0  17117  0.034   997  2767  3878 858  94  45   3   0   0  -1  -1.0  -1
 1000.0  16916  0.034   997  2783  3878 857  94  46   3   0   0  -1  -1.0  -1
