    0.0     -1 -1.000    -1    -1    -1  -1  -1  -1  -1  -1  -1  -1  -1.0  -1
    5.0     -1 -1.000    -1    -1    -1  -1  -1  -1  -1  -1  -1  -1  -1.0  -1
   10.0     -1 -1.000    -1    -1    -1  -1  -1  -1  -1  -1  -1  -1  -1.0  -1
   15.0     -1 -1.000    -1    -1    -1  -1  -1  -1  -1  -1  -1  -1  -1.0  -1
   20.0     -1 -1.000    -1    -1    -1  -1  -1  -1  -1  -1  -1  -1  -1.0  -1
   25.0     -1 -1.000    -1    -1    -1  -1  -1  -1  -1  -1  -1  -1  -1.0  -1
   30.0     -1 -1.000    -1    -1    -1  -1  -1  -1  -1  -1  -1  -1  -1.0  -1
   35.0     -1 -1.000    -1    -1    -1  -1  -1  -1  -1  -1  -1  -1  -1.0  -1
   40.0     -1 -1.000    -1    -1    -1  -1  -1  -1  -1  -1  -1  -1  -1.0  -1
   45.0     -1 -1.000    -1    -1    -1  -1  -1  -1  -1  -1  -1  -1  -1.0  -1
   50.0     -1 -1.000    -1    -1    -1  -1  -1  -1  -1  -1  -1  -1  -1.0  -1
   55.0     -1 -1.000    -1    -1    -1  -1  -1  -1  -1  -1  -1  -1  -1.0  -1
   60.0     -1 -1.000   250   250   250  -1  -1  -1  -1  -1  -1  -1  -1.0  -1
   65.0     -1 -1.000   236   236   236  -1  -1  -1  -1  -1  -1  -1  -1.0  -1
   70.0     -1 -1.000   225   225   225  -1  -1  -1  -1  -1  -1  -1  -1.0  -1
   75.0     -1 -1.000   222   222   222  -1  -1  -1  -1  -1  -1  -1  -1.0  -1
   80.0      0  0.000   221   221   221   0   0   0   0   0 1000  -1  -1.0  -1
   85.0    245  0.003   219   219   219   0   0   0   0   2 998  -1  -1.0  -1
   90.0    472  0.007   213   213   213   0   0   0   0   4 996  -1  -1.0  -1
   95.0   1416  0.020   204   204   204   0   0   0   0  13 987  -1  -1.0  -1
  100.0   1724  0.024   197   197   197   0   0   0   0  21 979  -1  -1.0  -1
  105.0   1775  0.025   195   195   195   0   0   0   0  28 972  -1  -1.0  -1
  110.0   1777  0.025   209   209   209   0   0   0   0  34 966  -1  -1.0  -1
  115.0   1450  0.020   254   254   254   0   0   0   0  30 970  -1  -1.0  -1
  120.0    944  0.013   335   335   335   0   0   0   0  19 981  -1  -1.0  -1
  125.0    599  0.008   410   410   410   0   0   0   0  12 987  -1  -1.0  -1
  130.0    421  0.006   460   460   466   0   0   0   0  10 990  -1  -1.0  -1
  135.0    348  0.005   500   500   532   0   0   0   0   9 991  -1  -1.0  -1
  140.0    342  0.005   532   532   597   0   0   0   0   9 991  -1  -1.0  -1
  145.0    390  0.005   557   557   663   0   0   0   0  11 988  -1  -1.0  -1
  150.0    491  0.007   577   577   729   1   0   0   0  15 984  -1  -1.0  -1
  155.0    647  0.009   593   593   794   1   0   0   0  22 977  -1  -1.0  -1
  160.0    848  0.012   606   606   860   2   0   0   0  31 967  -1  -1.0  -1
  165.0   1071  0.015   616   616   926   3   0   0   0  42 954  -1  -1.0  -1
  170.0   1306  0.018   624   624   992   6   0   0   0  54 940  -1  -1.0  -1
  175.0   1614  0.023   630   630  1057   9   0   0   0  70 921  -1  -1.0  -1
  180.0   5900  0.082   636   636  1123  39   0   0   0 204 756  -1  -1.0  -1
  185.0  12252  0.171   640   640  1188  94   0   0   0 309 596  -1  -1.0  -1
  190.0  18604  0.260   643   643  1253 166   0   0   0 349 484  -1  -1.0  -1
  195.0  24956  0.349   645   645  1316 254   0   0   0 349 396  -1  -1.0  -1
  200.0  31308  0.438   648   648  1375 355   0   0   0 322 321  -1  -1.0  -1
  205.0  37660  0.526   649  1427  1427 441   0   0   0 224 332  -1  -1.0  -1
  210.0  44012  0.615   650  1469  1469 537   0   0   0 184 276  -1  -1.0  -1
  215.0  50364  0.704   652  1503  1503 626   0   0   0 146 225  -1  -1.0  -1
  220.0  56716  0.793   652  1531  1531 706   0   0   0 112 179  -1  -1.0  -1
  225.0  63068  0.882   653  1558  1558 773   0   0   0  84 141  -1  -1.0  -1
  230.0  67999  0.950   654  1583  1583 823   0   0   0  63 111  -1  -1.0  -1
  235.0  69989  0.978   654  1608  1608 858   0   0   0  48  91  -1  -1.0  -1
  240.0  71266  0.996   654  1633  1633 886   0   0   0  37  74  -1  -1.0  -1
  245.0  71529  1.000   655  1657  1657 907   0   0   0  29  61  -1  -1.0  -1
  250.0  71396  0.998   655  1682  1682 925   0   0   0  23  51  -1  -1.0  -1
  255.0  71126  0.994   655  1707  1707 939   0   0   0  18  42  -1  -1.0  -1
  260.0  70723  0.989   655  1732  1732 950   0   0   0  14  35  -1  -1.0  -1
  265.0  70190  0.981   655  1756  1756 959   0   0   0  11  29  -1  -1.0  -1
  270.0  69535  0.972   655  1781  1781 967   0   0   0   8  24  -1  -1.0  -1
  275.0  68762  0.961   655  1806  1806 973   0   0   0   7  20  -1  -1.0  -1
  280.0  67878  0.949   655  1831  1831 978   0   0   0   5  16  -1  -1.0  -1
  285.0  66892  0.935   656  1855  1855 982   0   0   0   4  14  -1  -1.0  -1
  290.0  65811  0.920   656  1880  1880 985   0   0   0   3  11  -1  -1.0  -1
  295.0  64644  0.904   656  1905  1905 987   0   0   0   2   9  -1  -1.0  -1
  300.0  63398  0.886   656  1929  1929 971  21   4   5   0   0  -1  -1.0  -1
  305.0  62083  0.868   656  1954  1954 970  21   4   5   0   0  -1  -1.0  -1
  310.0  60707  0.849   656  1979  1979 969  22   4   5   0   0  -1  -1.0  -1
  315.0  59280  0.829   656  2004  2004 967  22   4   6   0   0  -1  -1.0  -1
  320.0  57809  0.808   656  2028  2028 966  23   5   6   0   0  -1  -1.0  -1
  325.0  56302  0.787   656  2053  2053 965  24   5   6   0   0  -1  -1.0  -1
  330.0  54769  0.766   656  2078  2078 964  24   5   7   0   0  -1  -1.0  -1
  335.0  53216  0.744   656  2102  2102 963  25   6   7   0   0  -1  -1.0  -1
  340.0  51652  0.722   656  2126  2126 961  25   6   7   0   0  -1  -1.0  -1
  345.0  50082  0.700   656  2150  2150 960  26   7   8   0   0  -1  -1.0  -1
  350.0  48513  0.678   656  2172  2172 958  27   7   8   0   0  -1  -1.0  -1
  355.0  46952  0.656   656  2193  2193 957  27   8   9   0   0  -1  -1.0  -1
  360.0  45403  0.635   656  2213  2213 955  28   8   9   0   0  -1  -1.0  -1
  365.0  43871  0.613   656  2231  2231 953  29   9   9   0   0  -1  -1.0  -1
  370.0  42361  0.592   656  2250  2250 952  29   9  10   0   0  -1  -1.0  -1
  375.0  40877  0.571   656  2269  2269 950  30  10  10   0   0  -1  -1.0  -1
  380.0  39422  0.551   656  2287  2287 948  31  11  11   0   0  -1  -1.0  -1
  385.0  37999  0.531   656  2305  2305 946  31  11  12   0   0  -1  -1.0  -1
  390.0  36610  0.512   656  2324  2324 944  32  12  12   0   0  -1  -1.0  -1
  395.0  35258  0.493   656  2342  2342 942  33  13  13   0   0  -1  -1.0  -1
  400.0  33944  0.474   656  2360  2360 939  34  14  13   0   0  -1  -1.0  -1
  405.0  32669  0.457   656  2379  2379 937  35  15  14   0   0  -1  -1.0  -1
  410.0  31435  0.439   656  2397  2397 934  35  16  15   0   0  -1  -1.0  -1
  415.0  30241  0.423   656  2416  2416 932  36  17  15   0   0  -1  -1.0  -1
  420.0  29089  0.407   656  2434  2434 929  37  18  16   0   0  -1  -1.0  -1
  425.0  27979  0.391   656  2452  2452 926  38  19  17   0   0  -1  -1.0  -1
  430.0  26909  0.376   656  2471  2471 923  39  20  18   0   0  -1  -1.0  -1
  435.0  25881  0.362   656  2489  2489 920  40  21  19   0   0  -1  -1.0  -1
  440.0  24893  0.348   656  2508  2508 917  41  23  20   0   0  -1  -1.0  -1
  445.0  23945  0.335   656  2526  2526 913  41  24  21   0   0  -1  -1.0  -1
  450.0  23036  0.322   656  2544  2544 910  42  26  22   0   0  -1  -1.0  -1
  455.0  22165  0.310   656  2563  2563 906  43  28  23   0   0  -1  -1.0  -1
  460.0  21331  0.298   656  2581  2581 902  44  30  24   0   0  -1  -1.0  -1
  465.0  20533  0.287   656  2600  2600 898  45  31  25   0   0  -1  -1.0  -1
  470.0  19771  0.276   656  2618  2618 894  46  33  26   0   0  -1  -1.0  -1
  475.0  19043  0.266   656  2636  2636 890  47  36  27   0   0  -1  -1.0  -1
  480.0  18347  0.256   656  2655  2655 885  48  38  29   0   0  -1  -1.0  -1
  485.0  17683  0.247   656  2673  2673 881  49  40  30   0   0  -1  -1.0  -1
  490.0  17049  0.238   656  2691  2691 876  50  43  31   0   0  -1  -1.0  -1
  495.0  16444  0.230   656  2710  2710 871  51  45  33   0   0  -1  -1.0  -1
  500.0  15868  0.222   656  2728  2728 866  52  48  34   0   0  -1  -1.0  -1
  505.0  15318  0.214   656  2746  2746 861  53  51  36   0   0  -1  -1.0  -1
  510.0  14794  0.207   656  2765  2765 855  54  54  37   0   0  -1  -1.0  -1
  515.0  14295  0.200   656  2783  2783 850  54  57  39   0   0  -1  -1.0  -1
  520.0  13820  0.193   656  2801  2801 845  55  60  40   0   0  -1  -1.0  -1
  525.0  13366  0.187   656  2818  2818 839  56  63  42   0   0  -1  -1.0  -1
  530.0  12935  0.181   656  2835  2835 834  57  66  43   0   0  -1  -1.0  -1
  535.0  12523  0.175   656  2852  2852 829  58  69  45   0   0  -1  -1.0  -1
  540.0  12131  0.170   656  2867  2867 824  58  72  46   0   0  -1  -1.0  -1
  545.0  11758  0.164   656  2881  2881 819  59  75  47   0   0  -1  -1.0  -1
  550.0  11402  0.159   656  2894  2894 815  59  78  49   0   0  -1  -1.0  -1
  555.0  11064  0.155   656  2905  2905 810  60  80  50   0   0  -1  -1.0  -1
  560.0  10741  0.150   656  2914  2914 807  60  83  51   0   0  -1  -1.0  -1
  565.0  10433  0.146   656  2923  2923 803  60  85  52   0   0  -1  -1.0  -1
  570.0  10140  0.142   656  2930  2930 800  60  87  52   0   0  -1  -1.0  -1
  575.0   9861  0.138   656  2936  2936 797  60  89  53   0   0  -1  -1.0  -1
  580.0   9594  0.134   656  2942  2942 794  60  91  54   0   0  -1  -1.0  -1
  585.0   9340  0.131   656  2948  2948 792  61  93  54   0   0  -1  -1.0  -1
  590.0   9098  0.127   656  2954  2954 790  61  95  55   0   0  -1  -1.0  -1
  595.0   8867  0.124   656  2959  2959 788  60  96  55   0   0  -1  -1.0  -1
  600.0   8646  0.121   656  2964  2964 786  60  97  56   0   0  -1  -1.0  -1
  605.0   8436  0.118   656  2970  2970 784  60  99  56   0   0  -1  -1.0  -1
  610.0   8235  0.115   656  2975  2975 783  60 100  57   0   0  -1  -1.0  -1
  615.0   8044  0.112   656  2980  2980 781  60 101  57   0   0  -1  -1.0  -1
  620.0   7861  0.110   656  2985  2985 780  60 103  57   0   0  -1  -1.0  -1
  625.0   7686  0.107   656  2991  2991 778  60 104  58   0   0  -1  -1.0  -1
  630.0   7519  0.105   656  2996  2996 777  60 105  58   0   0  -1  -1.0  -1
  635.0   7360  0.103   656  3001  3001 775  60 106  58   0   0  -1  -1.0  -1
  640.0   7208  0.101   656  3006  3006 774  60 108  59   0   0  -1  -1.0  -1
  645.0   7062  0.099   656  3011  3011 773  59 109  59   0   0  -1  -1.0  -1
  650.0   6923  0.097   656  3017  3017 771  59 110  59   0   0  -1  -1.0  -1
  655.0   6790  0.095   656  3022  3022 770  59 111  60   0   0  -1  -1.0  -1
  660.0   6662  0.093   656  3027  3027 769  59 112  60   0   0  -1  -1.0  -1
  665.0   6540  0.091   656  3032  3032 767  59 114  60   0   0  -1  -1.0  -1
  670.0   6424  0.090   656  3038  3038 766  59 115  61   0   0  -1  -1.0  -1
  675.0   6312  0.088   656  3043  3043 765  58 116  61   0   0  -1  -1.0  -1
  680.0   6205  0.087   656  3048  3048 763  58 117  61   0   0  -1  -1.0  -1
  685.0   6103  0.085   656  3053  3053 762  58 118  61   0   0  -1  -1.0  -1
  690.0   6005  0.084   656  3059  3059 761  58 120  62   0   0  -1  -1.0  -1
  695.0   5911  0.083   656  3064  3064 760  58 121  62   0   0  -1  -1.0  -1
  700.0   5821  0.081   656  3069  3069 758  58 122  62   0   0  -1  -1.0  -1
  705.0   5734  0.080   656  3074  3074 757  57 123  62   0   0  -1  -1.0  -1
  710.0   5652  0.079   656  3079  3079 756  57 124  63   0   0  -1  -1.0  -1
  715.0   5572  0.078   656  3085  3085 755  57 125  63   0   0  -1  -1.0  -1
  720.0   5496  0.077   656  3090  3090 754  57 126  63   0   0  -1  -1.0  -1
  725.0   5423  0.076   656  3095  3095 753  56 127  63   0   0  -1  -1.0  -1
  730.0   5353  0.075   656  3100  3100 753  56 128  63   0   0  -1  -1.0  -1
  735.0   5286  0.074   656  3106  3106 752  56 129  64   0   0  -1  -1.0  -1
  740.0   5221  0.073   656  3111  3111 752  55 129  64   0   0  -1  -1.0  -1
  745.0   5159  0.072   656  3116  3116 751  55 130  64   0   0  -1  -1.0  -1
  750.0   5099  0.071   656  3121  3121 751  54 130  64   0   0  -1  -1.0  -1
  755.0   5022  0.070   656  3126  3126 751  54 131  64   0   0  -1  -1.0  -1
  760.0   4919  0.069   656  3132  3132 751  53 131  64   0   0  -1  -1.0  -1
  765.0   4819  0.067   656  3137  3137 752  53 131  64   0   0  -1  -1.0  -1
  770.0   4723  0.066   656  3142  3142 752  52 132  64   0   0  -1  -1.0  -1
  775.0   4630  0.065   656  3147  3147 752  52 132  64   0   0  -1  -1.0  -1
  780.0   4541  0.063   656  3153  3153 753  51 132  64   0   0  -1  -1.0  -1
  785.0   4454  0.062   656  3158  3158 753  51 132  64   0   0  -1  -1.0  -1
  790.0   4371  0.061   656  3163  3163 754  50 132  64   0   0  -1  -1.0  -1
  795.0   4290  0.060   656  3168  3168 754  49 132  64   0   0  -1  -1.0  -1
  800.0   4211  0.059   656  3173  3173 755  49 132  64   0   0  -1  -1.0  -1
  805.0   4135  0.058   656  3179  3179 756  48 132  64   0   0  -1  -1.0  -1
  810.0   4062  0.057   656  3184  3184 756  48 132  64   0   0  -1  -1.0  -1
  815.0   3991  0.056   656  3189  3189 757  47 132  64   0   0  -1  -1.0  -1
  820.0   3922  0.055   656  3194  3194 757  47 131  64   0   0  -1  -1.0  -1
  825.0   3855  0.054   656  3199  3199 758  46 131  64   0   0  -1  -1.0  -1
  830.0   3790  0.053   656  3205  3205 759  46 131  64   0   0  -1  -1.0  -1
  835.0   3726  0.052   656  3210  3210 759  45 131  64   0   0  -1  -1.0  -1
  840.0   3665  0.051   656  3215  3215 760  44 131  64   0   0  -1  -1.0  -1
  845.0   3606  0.050   656  3220  3220 761  44 131  64   0   0  -1  -1.0  -1
  850.0   3548  0.050   656  3225  3225 761  43 131  64   0   0  -1  -1.0  -1
  855.0   3492  0.049   656  3230  3230 762  43 131  64   0   0  -1  -1.0  -1
  860.0   3437  0.048   656  3235  3235 763  42 131  64   0   0  -1  -1.0  -1
  865.0   3384  0.047   656  3240  3240 763  42 131  64   0   0  -1  -1.0  -1
  870.0   3332  0.047   656  3245  3245 764  41 130  64   0   0  -1  -1.0  -1
  875.0   3281  0.046   656  3250  3250 765  41 130  64   0   0  -1  -1.0  -1
  880.0   3232  0.045   656  3255  3255 765  40 130  64   0   0  -1  -1.0  -1
  885.0   3184  0.045   656  3260  3260 766  40 130  64   0   0  -1  -1.0  -1
  890.0   3138  0.044   656  3265  3265 766  39 130  64   0   0  -1  -1.0  -1
  895.0   3092  0.043   656  3270  3270 767  39 130  64   0   0  -1  -1.0  -1
  900.0   3048  0.043   656  3275  3275 768  38 130  64   0   0  -1  -1.0  -1
  905.0   3005  0.042   656  3280  3280 768  38 130  64   0   0  -1  -1.0  -1
  910.0   2962  0.041   656  3285  3285 769  38 130  64   0   0  -1  -1.0  -1
  915.0   2921  0.041   656  3290  3290 769  37 130  64   0   0  -1  -1.0  -1
  920.0   2881  0.040   656  3295  3295 770  37 129  64   0   0  -1  -1.0  -1
  925.0   2841  0.040   656  3300  3300 770  36 129  64   0   0  -1  -1.0  -1
  930.0   2803  0.039   656  3305  3305 771  36 129  64   0   0  -1  -1.0  -1
  935.0   2765  0.039   656  3310  3310 772  35 129  64   0   0  -1  -1.0  -1
  940.0   2728  0.038   656  3315  3315 772  35 129  64   0   0  -1  -1.0  -1
  945.0   2692  0.038   656  3320  3320 773  34 129  64   0   0  -1  -1.0  -1
  950.0   2657  0.037   656  3325  3325 773  34 129  64   0   0  -1  -1.0  -1
  955.0   2622  0.037   656  3330  3330 774  34 129  64   0   0  -1  -1.0  -1
  960.0   2589  0.036   656  3334  3334 774  33 129  64   0   0  -1  -1.0  -1
  965.0   2555  0.036   656  3339  3339 774  33 129  64   0   0  -1  -1.0  -1
  970.0   2523  0.035   656  3344  3344 775  32 129  64   0   0  -1  -1.0  -1
  975.0   2491  0.035   656  3349  3349 775  32 129  64   0   0  -1  -1.0  -1
  980.0   2460  0.034   656  3354  3354 776  32 129  64   0   0  -1  -1.0  -1
  985.0   2429  0.034   656  3359  3359 776  31 129  64   0   0  -1  -1.0  -1
  990.0   2400  0.034   656  3364  3364 776  31 129  64   0   0  -1  -1.0  -1
  995.0   2370  0.033   656  3369  3369 777  31 129  64   0   0  -1  -1.0  -1
 1000.0   2341  0.033   656  3374  3374 777  30 129  64   0   0  -1  -1.0  -1
