    0.0     -1 -1.000    -1    -1    -1  -1  -1  -1  -1  -1  -1  -1  -1.0  -1
    5.0     -1 -1.000    -1    -1    -1  -1  -1  -1  -1  -1  -1  -1  -1.0  -1
   10.0     -1 -1.000    -1    -1    -1  -1  -1  -1  -1  -1  -1  -1  -1.0  -1
   15.0     -1 -1.000    -1    -1    -1  -1  -1  -1  -1  -1  -1  -1  -1.0  -1
   20.0     -1 -1.000    -1    -1    -1  -1  -1  -1  -1  -1  -1  -1  -1.0  -1
   25.0     -1 -1.000    -1    -1    -1  -1  -1  -1  -1  -1  -1  -1  -1.0  -1
   30.0     -1 -1.000    -1    -1    -1  -1  -1  -1  -1  -1  -1  -1  -1.0  -1
   35.0     -1 -1.000    -1    -1    -1  -1  -1  -1  -1  -1  -1  -1  -1.0  -1
   40.0     -1 -1.000    -1    -1    -1  -1  -1  -1  -1  -1  -1  -1  -1.0  -1
   45.0     -1 -1.000    -1    -1    -1  -1  -1  -1  -1  -1  -1  -1  -1.0  -1
   50.0     -1 -1.000    -1    -1    -1  -1  -1  -1  -1  -1  -1  -1  -1.0  -1
   55.0     -1 -1.000    -1    -1    -1  -1  -1  -1  -1  -1  -1  -1  -1.0  -1
   60.0     -1 -1.000   238   238   238  -1  -1  -1  -1  -1  -1  -1  -1.0  -1
   65.0    178  0.000   228   228   228  -1  -1  -1  -1  -1  -1  -1  -1.0  -1
   70.0    472  0.000   219   219   219  -1  -1  -1  -1  -1  -1  -1  -1.0  -1
   75.0    830  0.001   209   209   209  -1  -1  -1  -1  -1  -1  -1  -1.0  -1
   80.0   1139  0.001   196   196   196   0   0   0   0   8 992  -1  -1.0  -1
   85.0   2388  0.002   185   185   185   0   0   0   0  20 980  -1  -1.0  -1
   90.0  23241  0.016   180   180   180   0   0   0   0 166 834  -1  -1.0  -1
   95.0  81308  0.056   185   185   185   0   0   0   0 428 571  -1  -1.0  -1
  100.0 140739  0.097   202   202   202   0   0   0   0 549 451  -1  -1.0  -1
  105.0 165246  0.114   239   239   239   0   0   0   0 420 579  -1  -1.0  -1
  110.0 167862  0.115   294   294   294   0   0   0   0 322 677  -1  -1.0  -1
  115.0 163020  0.112   350   350   350   1   0   0   0 313 685  -1  -1.0  -1
  120.0 159942  0.110   407   407   407   2   0   0   0 343 653  -1  -1.0  -1
  125.0 165062  0.114   490   490   490   5   0   0   0 347 645  -1  -1.0  -1
  130.0 173629  0.119   579   579   579  10   1   0   0 322 664  -1  -1.0  -1
  135.0 181776  0.125   660   660   660  19   1   0   0 288 688  -1  -1.0  -1
  140.0 190412  0.131   734   734   734  31   1   0   0 256 705  -1  -1.0  -1
  145.0 199580  0.137   801   801   801  49   2   0   0 230 711  -1  -1.0  -1
  150.0 209325  0.144   861   861   861  74   3   0   0 208 706  -1  -1.0  -1
  155.0 219697  0.151   916   916   916 104   4   0   0 190 691  -1  -1.0  -1
  160.0 230755  0.159   965   965   965 143   5   0   0 173 667  -1  -1.0  -1
  165.0 242563  0.167  1010  1010  1020 184   6   0   0 157 640  -1  -1.0  -1
  170.0 255197  0.176  1051  1051  1088 220   7   0   0 141 617  -1  -1.0  -1
  175.0 268743  0.185  1088  1088  1156 258   8   0   0 127 590  -1  -1.0  -1
  180.0 283300  0.195  1122  1122  1224 298   9   0   0 114 560  -1  -1.0  -1
  185.0 298987  0.206  1152  1152  1292 340  10   0   0 103 528  -1  -1.0  -1
  190.0 315942  0.217  1180  1180  1359 383  11   0   0  92 493  -1  -1.0  -1
  195.0 334331  0.230  1205  1205  1425 428  12   0   0  83 457  -1  -1.0  -1
  200.0 354357  0.244  1228  1228  1489 473  14   0   0  74 419  -1  -1.0  -1
  205.0 376269  0.259  1249  1546  1546 427  18   0   0  69 459  -1  -1.0  -1
  210.0 400386  0.275  1267  1591  1591 466  19   0   0  62 424  -1  -1.0  -1
  215.0 427117  0.294  1284  1622  1622 510  21   0   0  56 384  -1  -1.0  -1
  220.0 457013  0.314  1300  1639  1639 559  23   0   0  50 340  -1  -1.0  -1
  225.0 490844  0.338  1314  1648  1648 609  24   0   0  44 294  -1  -1.0  -1
  230.0 529747  0.364  1327  1654  1654 658  26   0   0  38 251  -1  -1.0  -1
  235.0 575551  0.396  1338  1659  1659 705  27   0   0  32 210  -1  -1.0  -1
  240.0 631581  0.435  1349  1664  1664 748  27   0   0  27 172  -1  -1.0  -1
  245.0 700532  0.482  1359  1668  1668 788  28   0   0  22 139  -1  -1.0  -1
  250.0 773257  0.532  1367  1672  1672 821  28   0   0  18 111  -1  -1.0  -1
  255.0 848026  0.583  1375  1676  1676 848  29   0   0  15  89  -1  -1.0  -1
  260.0 923876  0.636  1383  1680  1680 870  28   0   0  12  71  -1  -1.0  -1
  265.0 999693  0.688  1389  1684  1684 889  28   0   0  10  58  -1  -1.0  -1
  270.0 1074224  0.739  1395  1688  1688 903  28   0   0   8  47  -1  -1.0  -1
  275.0 1146103  0.789  1401  1692  1692 916  28   0   0   7  38  -1  -1.0  -1
  280.0 1213882  0.835  1406  1697  1697 925  27   0   0   6  31  -1  -1.0  -1
  285.0 1276069  0.878  1410  1701  1701 933  27   0   0   5  26  -1  -1.0  -1
  290.0 1331168  0.916  1414  1705  1705 940  26   0   0   4  22  -1  -1.0  -1
  295.0 1377718  0.948  1418  1709  1709 946  26   0   0   3  18  -1  -1.0  -1
  300.0 1414328  0.973  1421  1713  1713 980  20   0   0   0   0  -1  -1.0  -1
  305.0 1439681  0.990  1424  1717  1717 980  20   0   0   0   0  -1  -1.0  -1
  310.0 1452410  0.999  1427  1721  1721 980  20   0   0   0   0  -1  -1.0  -1
  315.0 1452112  0.999  1430  1725  1725 980  20   0   0   0   0  -1  -1.0  -1
  320.0 1448300  0.996  1432  1729  1729 980  20   0   0   0   0  -1  -1.0  -1
  325.0 1442536  0.992  1434  1733  1733 980  20   0   0   0   0  -1  -1.0  -1
  330.0 1434891  0.987  1436  1738  1738 979  20   0   0   0   0  -1  -1.0  -1
  335.0 1425441  0.981  1438  1742  1742 979  20   0   0   0   0  -1  -1.0  -1
  340.0 1414277  0.973  1440  1748  1748 979  20   0   0   0   0  -1  -1.0  -1
  345.0 1401495  0.964  1441  1754  1754 979  21   0   0   0   0  -1  -1.0  -1
  350.0 1387193  0.954  1442  1764  1764 979  21   0   0   0   0  -1  -1.0  -1
  355.0 1371478  0.944  1444  1778  1778 979  21   0   0   0   0  -1  -1.0  -1
  360.0 1354456  0.932  1445  1795  1795 979  21   0   0   0   0  -1  -1.0  -1
  365.0 1336236  0.919  1446  1813  1813 979  21   0   0   0   0  -1  -1.0  -1
  370.0 1316933  0.906  1447  1832  1832 979  21   0   0   0   0  -1  -1.0  -1
  375.0 1296661  0.892  1447  1851  1851 978  21   0   0   0   0  -1  -1.0  -1
  380.0 1275528  0.878  1448  1871  1871 978  21   0   0   0   0  -1  -1.0  -1
  385.0 1253649  0.863  1449  1890  1890 978  21   0   0   0   0  -1  -1.0  -1
  390.0 1231133  0.847  1450  1910  1910 978  22   0   0   0   0  -1  -1.0  -1
  395.0 1208087  0.831  1450  1929  1929 978  22   0   0   0   0  -1  -1.0  -1
  400.0 1184619  0.815  1451  1949  1949 978  22   0   0   0   0  -1  -1.0  -1
  405.0 1160824  0.799  1451  1969  1969 978  22   0   0   0   0  -1  -1.0  -1
  410.0 1136803  0.782  1452  1988  1988 977  22   0   0   0   0  -1  -1.0  -1
  415.0 1112648  0.765  1452  2008  2008 977  22   0   0   0   0  -1  -1.0  -1
  420.0 1088446  0.749  1452  2027  2027 977  22   0   0   0   0  -1  -1.0  -1
  425.0 1064276  0.732  1453  2047  2047 977  22   0   0   0   0  -1  -1.0  -1
  430.0 1040219  0.716  1453  2066  2066 977  23   0   0   0   0  -1  -1.0  -1
  435.0 1016344  0.699  1453  2086  2086 977  23   0   0   0   0  -1  -1.0  -1
  440.0 992714  0.683  1454  2105  2105 977  23   0   0   0   0  -1  -1.0  -1
  445.0 969394  0.667  1454  2125  2125 976  23   0   0   0   0  -1  -1.0  -1
  450.0 946433  0.651  1454  2144  2144 976  23   0   0   0   0  -1  -1.0  -1
  455.0 923881  0.636  1454  2164  2164 976  23   0   0   0   0  -1  -1.0  -1
  460.0 901785  0.620  1454  2183  2183 976  23   0   0   0   0  -1  -1.0  -1
  465.0 880178  0.606  1455  2203  2203 976  23   0   0   0   0  -1  -1.0  -1
  470.0 859097  0.591  1455  2222  2222 976  24   0   0   0   0  -1  -1.0  -1
  475.0 838568  0.577  1455  2242  2242 976  24   0   1   0   0  -1  -1.0  -1
  480.0 818617  0.563  1455  2261  2261 975  24   0   1   0   0  -1  -1.0  -1
  485.0 799267  0.550  1455  2281  2281 975  24   0   1   0   0  -1  -1.0  -1
  490.0 780531  0.537  1455  2300  2300 975  24   0   1   0   0  -1  -1.0  -1
  495.0 762428  0.525  1455  2320  2320 975  24   0   1   0   0  -1  -1.0  -1
  500.0 744965  0.513  1455  2339  2339 975  24   0   1   0   0  -1  -1.0  -1
  505.0 728151  0.501  1456  2359  2359 975  24   0   1   0   0  -1  -1.0  -1
  510.0 711990  0.490  1456  2378  2378 974  25   0   1   0   0  -1  -1.0  -1
  515.0 696488  0.479  1456  2398  2398 974  25   0   1   0   0  -1  -1.0  -1
  520.0 681649  0.469  1456  2417  2417 974  25   0   1   0   0  -1  -1.0  -1
  525.0 667473  0.459  1456  2437  2437 974  25   0   1   0   0  -1  -1.0  -1
  530.0 653960  0.450  1456  2456  2456 974  25   0   1   0   0  -1  -1.0  -1
  535.0 640751  0.441  1456  2475  2475 974  25   0   1   0   0  -1  -1.0  -1
  540.0 625780  0.431  1456  2493  2493 973  25   0   1   0   0  -1  -1.0  -1
  545.0 611323  0.421  1456  2512  2512 973  25   0   1   0   0  -1  -1.0  -1
  550.0 597370  0.411  1456  2530  2530 973  26   0   1   0   0  -1  -1.0  -1
  555.0 583921  0.402  1456  2547  2547 973  26   0   1   0   0  -1  -1.0  -1
  560.0 570971  0.393  1456  2564  2564 973  26   1   1   0   0  -1  -1.0  -1
  565.0 558509  0.384  1456  2581  2581 972  26   1   1   0   0  -1  -1.0  -1
  570.0 546525  0.376  1456  2597  2597 972  26   1   1   0   0  -1  -1.0  -1
  575.0 535014  0.368  1456  2613  2613 972  26   1   1   0   0  -1  -1.0  -1
  580.0 523950  0.360  1456  2630  2630 972  26   1   1   0   0  -1  -1.0  -1
  585.0 513326  0.353  1456  2646  2646 972  27   1   1   0   0  -1  -1.0  -1
  590.0 503124  0.346  1456  2662  2662 971  27   1   1   0   0  -1  -1.0  -1
  595.0 493323  0.339  1456  2677  2677 971  27   1   1   0   0  -1  -1.0  -1
  600.0 483902  0.333  1456  2693  2693 971  27   1   1   0   0  -1  -1.0  -1
  605.0 474838  0.327  1456  2709  2709 971  27   1   1   0   0  -1  -1.0  -1
  610.0 466107  0.321  1456  2725  2725 971  27   1   1   0   0  -1  -1.0  -1
  615.0 457683  0.315  1456  2741  2741 970  27   1   1   0   0  -1  -1.0  -1
  620.0 449540  0.309  1456  2757  2757 970  28   1   1   0   0  -1  -1.0  -1
  625.0 441655  0.304  1456  2773  2773 970  28   1   1   0   0  -1  -1.0  -1
  630.0 434002  0.299  1456  2788  2788 970  28   1   1   0   0  -1  -1.0  -1
  635.0 426559  0.293  1456  2804  2804 969  28   1   2   0   0  -1  -1.0  -1
  640.0 419304  0.288  1456  2820  2820 969  28   1   2   0   0  -1  -1.0  -1
  645.0 412219  0.284  1456  2836  2836 969  28   1   2   0   0  -1  -1.0  -1
  650.0 405290  0.279  1456  2852  2852 969  28   1   2   0   0  -1  -1.0  -1
  655.0 398503  0.274  1456  2868  2868 968  29   1   2   0   0  -1  -1.0  -1
  660.0 391848  0.270  1456  2884  2884 968  29   1   2   0   0  -1  -1.0  -1
  665.0 385322  0.265  1456  2899  2899 968  29   1   2   0   0  -1  -1.0  -1
  670.0 378915  0.261  1456  2915  2915 968  29   1   2   0   0  -1  -1.0  -1
  675.0 372629  0.256  1456  2931  2931 967  29   1   2   0   0  -1  -1.0  -1
  680.0 366459  0.252  1456  2947  2947 967  29   1   2   0   0  -1  -1.0  -1
  685.0 360408  0.248  1456  2963  2963 967  29   1   2   0   0  -1  -1.0  -1
  690.0 354474  0.244  1456  2979  2979 967  30   2   2   0   0  -1  -1.0  -1
  695.0 348658  0.240  1456  2995  2995 966  30   2   2   0   0  -1  -1.0  -1
  700.0 342960  0.236  1456  3010  3010 966  30   2   2   0   0  -1  -1.0  -1
  705.0 337378  0.232  1456  3026  3026 966  30   2   3   0   0  -1  -1.0  -1
  710.0 331914  0.228  1456  3042  3042 965  30   2   3   0   0  -1  -1.0  -1
  715.0 326564  0.225  1456  3058  3058 965  30   2   3   0   0  -1  -1.0  -1
  720.0 321324  0.221  1456  3074  3074 965  31   2   3   0   0  -1  -1.0  -1
  725.0 316195  0.218  1456  3090  3090 964  31   2   3   0   0  -1  -1.0  -1
  730.0 311172  0.214  1456  3105  3105 964  31   2   3   0   0  -1  -1.0  -1
  735.0 306252  0.211  1456  3121  3121 964  31   2   3   0   0  -1  -1.0  -1
  740.0 301433  0.207  1456  3137  3137 963  31   2   3   0   0  -1  -1.0  -1
  745.0 296713  0.204  1456  3153  3153 963  31   2   3   0   0  -1  -1.0  -1
  750.0 292088  0.201  1456  3169  3169 962  31   3   3   0   0  -1  -1.0  -1
  755.0 287557  0.198  1456  3184  3184 962  32   3   4   0   0  -1  -1.0  -1
  760.0 281508  0.194  1456  3200  3200 962  32   3   4   0   0  -1  -1.0  -1
  765.0 274649  0.189  1456  3216  3216 961  32   3   4   0   0  -1  -1.0  -1
  770.0 267982  0.184  1456  3231  3231 961  32   3   4   0   0  -1  -1.0  -1
  775.0 261502  0.180  1456  3247  3247 960  32   3   4   0   0  -1  -1.0  -1
  780.0 255208  0.176  1456  3263  3263 960  32   3   4   0   0  -1  -1.0  -1
  785.0 249095  0.171  1456  3278  3278 960  33   3   4   0   0  -1  -1.0  -1
  790.0 243159  0.167  1456  3293  3293 959  33   4   5   0   0  -1  -1.0  -1
  795.0 237399  0.163  1456  3309  3309 959  33   4   5   0   0  -1  -1.0  -1
  800.0 231810  0.159  1456  3324  3324 958  33   4   5   0   0  -1  -1.0  -1
  805.0 226390  0.156  1456  3339  3339 958  33   4   5   0   0  -1  -1.0  -1
  810.0 221133  0.152  1456  3353  3353 957  33   4   5   0   0  -1  -1.0  -1
  815.0 216037  0.149  1456  3368  3368 957  34   4   5   0   0  -1  -1.0  -1
  820.0 211097  0.145  1456  3381  3381 956  34   5   6   0   0  -1  -1.0  -1
  825.0 206310  0.142  1456  3395  3395 955  34   5   6   0   0  -1  -1.0  -1
  830.0 201671  0.139  1456  3408  3408 955  34   5   6   0   0  -1  -1.0  -1
  835.0 197175  0.136  1456  3420  3420 954  34   5   6   0   0  -1  -1.0  -1
  840.0 192819  0.133  1456  3432  3432 954  34   5   6   0   0  -1  -1.0  -1
  845.0 188598  0.130  1456  3443  3443 953  35   6   7   0   0  -1  -1.0  -1
  850.0 184508  0.127  1456  3454  3454 953  35   6   7   0   0  -1  -1.0  -1
  855.0 180545  0.124  1456  3463  3463 952  35   6   7   0   0  -1  -1.0  -1
  860.0 176705  0.122  1456  3472  3472 951  35   6   7   0   0  -1  -1.0  -1
  865.0 172984  0.119  1456  3481  3481 951  35   7   7   0   0  -1  -1.0  -1
  870.0 169378  0.117  1456  3488  3488 950  35   7   8   0   0  -1  -1.0  -1
  875.0 165885  0.114  1456  3495  3495 949  36   7   8   0   0  -1  -1.0  -1
  880.0 162500  0.112  1456  3502  3502 949  36   7   8   0   0  -1  -1.0  -1
  885.0 159220  0.110  1456  3508  3508 948  36   8   8   0   0  -1  -1.0  -1
  890.0 156041  0.107  1456  3514  3514 948  36   8   9   0   0  -1  -1.0  -1
  895.0 152963  0.105  1456  3519  3519 947  36   8   9   0   0  -1  -1.0  -1
  900.0 149981  0.103  1456  3524  3524 946  36   8   9   0   0  -1  -1.0  -1
  905.0 147093  0.101  1456  3529  3529 946  36   9   9   0   0  -1  -1.0  -1
  910.0 144296  0.099  1456  3534  3534 945  36   9   9   0   0  -1  -1.0  -1
  915.0 141589  0.097  1456  3539  3539 945  37   9  10   0   0  -1  -1.0  -1
  920.0 138969  0.096  1456  3543  3543 945  37   9  10   0   0  -1  -1.0  -1
  925.0 136434  0.094  1456  3548  3548 944  37   9  10   0   0  -1  -1.0  -1
  930.0 133981  0.092  1456  3552  3552 944  37   9  10   0   0  -1  -1.0  -1
  935.0 131608  0.091  1456  3557  3557 943  37  10  10   0   0  -1  -1.0  -1
  940.0 129313  0.089  1456  3561  3561 943  37  10  10   0   0  -1  -1.0  -1
  945.0 127094  0.087  1456  3565  3565 943  37  10  10   0   0  -1  -1.0  -1
  950.0 124947  0.086  1456  3570  3570 942  37  10  10   0   0  -1  -1.0  -1
  955.0 122870  0.085  1456  3574  3574 942  37  10  11   0   0  -1  -1.0  -1
  960.0 120861  0.083  1456  3578  3578 942  37  10  11   0   0  -1  -1.0  -1
  965.0 118915  0.082  1456  3583  3583 941  37  11  11   0   0  -1  -1.0  -1
  970.0 117031  0.081  1456  3587  3587 941  37  11  11   0   0  -1  -1.0  -1
  975.0 115206  0.079  1456  3591  3591 941  37  11  11   0   0  -1  -1.0  -1
  980.0 113435  0.078  1456  3595  3595 940  38  11  11   0   0  -1  -1.0  -1
  985.0 111717  0.077  1456  3599  3599 940  38  11  11   0   0  -1  -1.0  -1
  990.0 110048  0.076  1456  3604  3604 940  38  11  11   0   0  -1  -1.0  -1
  995.0 108426  0.075  1456  3608  3608 939  38  11  11   0   0  -1  -1.0  -1
 1000.0 106847  0.074  1456  3612  3612 939  38  12  11   0   0  -1  -1.0  -1
