    0.0     -1 -1.000    -1    -1    -1  -1  -1  -1  -1  -1  -1  -1  -1.0  -1
    5.0     -1 -1.000    -1    -1    -1  -1  -1  -1  -1  -1  -1  -1  -1.0  -1
   10.0     -1 -1.000    -1    -1    -1  -1  -1  -1  -1  -1  -1  -1  -1.0  -1
   15.0     -1 -1.000    -1    -1    -1  -1  -1  -1  -1  -1  -1  -1  -1.0  -1
   20.0     -1 -1.000    -1    -1    -1  -1  -1  -1  -1  -1  -1  -1  -1.0  -1
   25.0     -1 -1.000    -1    -1    -1  -1  -1  -1  -1  -1  -1  -1  -1.0  -1
   30.0     -1 -1.000    -1    -1    -1  -1  -1  -1  -1  -1  -1  -1  -1.0  -1
   35.0     -1 -1.000    -1    -1    -1  -1  -1  -1  -1  -1  -1  -1  -1.0  -1
   40.0     -1 -1.000    -1    -1    -1  -1  -1  -1  -1  -1  -1  -1  -1.0  -1
   45.0     -1 -1.000    -1    -1    -1  -1  -1  -1  -1  -1  -1  -1  -1.0  -1
   50.0     -1 -1.000    -1    -1    -1  -1  -1  -1  -1  -1  -1  -1  -1.0  -1
   55.0     -1 -1.000    -1    -1    -1  -1  -1  -1  -1  -1  -1  -1  -1.0  -1
   60.0     -1 -1.000   236   236   236  -1  -1  -1  -1  -1  -1  -1  -1.0  -1
   65.0    121  0.000   228   228   228  -1  -1  -1  -1  -1  -1  -1  -1.0  -1
   70.0    323  0.000   222   222   222  -1  -1  -1  -1  -1  -1  -1  -1.0  -1
   75.0    570  0.000   218   218   218  -1  -1  -1  -1  -1  -1  -1  -1.0  -1
   80.0    783  0.001   210   210   210   0   0   0   0   5 995  -1  -1.0  -1
   85.0   1630  0.001   200   200   200   0   0   0   0  13 987  -1  -1.0  -1
   90.0  16400  0.011   189   189   189   0   0   0   0 118 882  -1  -1.0  -1
   95.0  62012  0.042   179   179   179   0   0   0   0 364 636  -1  -1.0  -1
  100.0 115100  0.077   179   179   179   0   0   0   0 548 452  -1  -1.0  -1
  105.0 140193  0.094   198   198   198   0   0   0   0 444 556  -1  -1.0  -1
  110.0 143341  0.096   237   237   237   0   0   0   0 341 658  -1  -1.0  -1
  115.0 136139  0.091   291   291   291   1   0   0   0 312 685  -1  -1.0  -1
  120.0 129889  0.087   363   363   363   3   0   0   0 328 667  -1  -1.0  -1
  125.0 139757  0.094   448   448   448   8   0   0   0 342 648  -1  -1.0  -1
  130.0 152986  0.103   529   529   529  17   1   0   0 334 645  -1  -1.0  -1
  135.0 167498  0.112   600   600   600  33   1   0   0 315 646  -1  -1.0  -1
  140.0 183504  0.123   663   663   663  59   2   0   0 294 640  -1  -1.0  -1
  145.0 201178  0.135   719   719   719  96   3   0   0 272 622  -1  -1.0  -1
  150.0 220715  0.148   769   769   786 146   4   0   0 247 594  -1  -1.0  -1
  155.0 242338  0.162   813   813   857 206   5   0   0 222 557  -1  -1.0  -1
  160.0 266302  0.178   851   851   927 277   6   0   0 195 510  -1  -1.0  -1
  165.0 292899  0.196   886   886   998 356   6   0   0 169 456  -1  -1.0  -1
  170.0 322466  0.216   916   916  1068 438   7   0   0 143 398  -1  -1.0  -1
  175.0 355395  0.238   943   943  1139 519   8   0   0 120 340  -1  -1.0  -1
  180.0 392144  0.263   967   967  1209 595   9   0   0  99 284  -1  -1.0  -1
  185.0 433250  0.290   989   989  1279 666   9   0   0  80 233  -1  -1.0  -1
  190.0 479359  0.321  1008  1008  1349 725   9   0   0  64 190  -1  -1.0  -1
  195.0 531245  0.356  1024  1024  1418 773  10   0   0  51 155  -1  -1.0  -1
  200.0 589863  0.395  1039  1039  1484 814  10   0   0  40 125  -1  -1.0  -1
  205.0 656415  0.440  1052  1543  1543 758  16   0   0  35 172  -1  -1.0  -1
  210.0 732464  0.491  1064  1591  1591 795  17   0   0  28 142  -1  -1.0  -1
  215.0 816736  0.547  1074  1623  1623 829  17   0   0  22 114  -1  -1.0  -1
  220.0 903175  0.605  1084  1642  1642 860  18   0   0  18  90  -1  -1.0  -1
  225.0 990154  0.663  1092  1653  1653 885  18   0   0  14  70  -1  -1.0  -1
  230.0 1075971  0.721  1099  1661  1661 905  18   0   0  11  55  -1  -1.0  -1
  235.0 1158754  0.776  1105  1668  1668 921  17   0   0   8  43  -1  -1.0  -1
  240.0 1236522  0.828  1111  1674  1674 933  17   0   0   7  34  -1  -1.0  -1
  245.0 1307259  0.876  1116  1680  1680 943  17   0   0   5  27  -1  -1.0  -1
  250.0 1368992  0.917  1121  1687  1687 951  17   0   0   4  22  -1  -1.0  -1
  255.0 1419879  0.951  1125  1693  1693 957  16   0   0   4  18  -1  -1.0  -1
  260.0 1458287  0.977  1128  1699  1699 961  16   0   0   3  15  -1  -1.0  -1
  265.0 1482851  0.994  1132  1705  1705 965  16   0   0   2  12  -1  -1.0  -1
  270.0 1492449  1.000  1134  1711  1711 968  16   0   0   2  11  -1  -1.0  -1
  275.0 1490289  0.998  1137  1717  1717 971  15   0   0   2   9  -1  -1.0  -1
  280.0 1485672  0.995  1139  1723  1723 973  15   0   0   1   8  -1  -1.0  -1
  285.0 1478881  0.991  1141  1729  1729 974  15   0   0   1   7  -1  -1.0  -1
  290.0 1469989  0.985  1143  1735  1735 976  15   0   0   1   6  -1  -1.0  -1
  295.0 1459082  0.978  1144  1741  1741 977  15   0   0   1   5  -1  -1.0  -1
  300.0 1446264  0.969  1146  1747  1747 980  18   0   1   0   0  -1  -1.0  -1
  305.0 1431639  0.959  1147  1753  1753 980  19   0   1   0   0  -1  -1.0  -1
  310.0 1415326  0.948  1148  1759  1759 980  19   0   1   0   0  -1  -1.0  -1
  315.0 1397451  0.936  1149  1765  1765 980  19   0   1   0   0  -1  -1.0  -1
  320.0 1378139  0.923  1150  1771  1771 980  19   0   1   0   0  -1  -1.0  -1
  325.0 1357526  0.910  1151  1777  1777 980  19   0   1   0   0  -1  -1.0  -1
  330.0 1335738  0.895  1152  1783  1783 980  19   0   1   0   0  -1  -1.0  -1
  335.0 1312909  0.880  1152  1789  1789 979  19   0   1   0   0  -1  -1.0  -1
  340.0 1289166  0.864  1153  1796  1796 979  19   0   1   0   0  -1  -1.0  -1
  345.0 1264635  0.847  1153  1805  1805 979  19   0   1   0   0  -1  -1.0  -1
  350.0 1239440  0.830  1154  1815  1815 979  19   0   1   0   0  -1  -1.0  -1
  355.0 1213696  0.813  1154  1828  1828 979  20   1   1   0   0  -1  -1.0  -1
  360.0 1187520  0.796  1155  1844  1844 979  20   1   1   0   0  -1  -1.0  -1
  365.0 1161020  0.778  1155  1861  1861 978  20   1   1   0   0  -1  -1.0  -1
  370.0 1134293  0.760  1155  1878  1878 978  20   1   1   0   0  -1  -1.0  -1
  375.0 1107443  0.742  1155  1896  1896 978  20   1   1   0   0  -1  -1.0  -1
  380.0 1080557  0.724  1156  1914  1914 978  20   1   1   0   0  -1  -1.0  -1
  385.0 1053723  0.706  1156  1931  1931 978  20   1   1   0   0  -1  -1.0  -1
  390.0 1027016  0.688  1156  1949  1949 978  20   1   1   0   0  -1  -1.0  -1
  395.0 1000512  0.670  1156  1967  1967 977  20   1   2   0   0  -1  -1.0  -1
  400.0 974277  0.653  1156  1985  1985 977  20   1   2   0   0  -1  -1.0  -1
  405.0 948371  0.635  1156  2003  2003 977  21   1   2   0   0  -1  -1.0  -1
  410.0 922849  0.618  1157  2020  2020 977  21   1   2   0   0  -1  -1.0  -1
  415.0 897759  0.601  1157  2038  2038 977  21   1   2   0   0  -1  -1.0  -1
  420.0 873145  0.585  1157  2056  2056 976  21   1   2   0   0  -1  -1.0  -1
  425.0 849044  0.569  1157  2074  2074 976  21   1   2   0   0  -1  -1.0  -1
  430.0 825489  0.553  1157  2092  2092 976  21   1   2   0   0  -1  -1.0  -1
  435.0 802508  0.538  1157  2109  2109 976  21   1   2   0   0  -1  -1.0  -1
  440.0 780125  0.523  1157  2127  2127 976  21   1   2   0   0  -1  -1.0  -1
  445.0 758355  0.508  1157  2145  2145 975  21   1   2   0   0  -1  -1.0  -1
  450.0 737217  0.494  1157  2163  2163 975  22   1   2   0   0  -1  -1.0  -1
  455.0 716719  0.480  1157  2180  2180 975  22   1   2   0   0  -1  -1.0  -1
  460.0 696871  0.467  1157  2198  2198 975  22   1   2   0   0  -1  -1.0  -1
  465.0 677677  0.454  1157  2216  2216 974  22   1   2   0   0  -1  -1.0  -1
  470.0 659139  0.442  1157  2234  2234 974  22   1   2   0   0  -1  -1.0  -1
  475.0 641257  0.430  1157  2252  2252 974  22   1   2   0   0  -1  -1.0  -1
  480.0 624027  0.418  1157  2269  2269 974  22   1   2   0   0  -1  -1.0  -1
  485.0 607447  0.407  1157  2287  2287 973  22   2   3   0   0  -1  -1.0  -1
  490.0 591509  0.396  1157  2305  2305 973  23   2   3   0   0  -1  -1.0  -1
  495.0 575972  0.386  1157  2323  2323 973  23   2   3   0   0  -1  -1.0  -1
  500.0 560651  0.376  1157  2341  2341 973  23   2   3   0   0  -1  -1.0  -1
  505.0 545843  0.366  1157  2358  2358 972  23   2   3   0   0  -1  -1.0  -1
  510.0 531537  0.356  1157  2376  2376 972  23   2   3   0   0  -1  -1.0  -1
  515.0 517732  0.347  1157  2394  2394 972  23   2   3   0   0  -1  -1.0  -1
  520.0 504418  0.338  1157  2412  2412 972  23   2   3   0   0  -1  -1.0  -1
  525.0 491588  0.329  1157  2430  2430 971  23   2   3   0   0  -1  -1.0  -1
  530.0 479232  0.321  1157  2447  2447 971  23   2   3   0   0  -1  -1.0  -1
  535.0 467345  0.313  1157  2465  2465 971  24   2   3   0   0  -1  -1.0  -1
  540.0 455913  0.305  1157  2483  2483 970  24   2   4   0   0  -1  -1.0  -1
  545.0 444927  0.298  1157  2501  2501 970  24   3   4   0   0  -1  -1.0  -1
  550.0 434376  0.291  1157  2519  2519 970  24   3   4   0   0  -1  -1.0  -1
  555.0 424252  0.284  1157  2537  2537 969  24   3   4   0   0  -1  -1.0  -1
  560.0 414544  0.278  1157  2555  2555 969  24   3   4   0   0  -1  -1.0  -1
  565.0 405234  0.272  1157  2573  2573 969  24   3   4   0   0  -1  -1.0  -1
  570.0 396316  0.266  1157  2591  2591 968  24   3   4   0   0  -1  -1.0  -1
  575.0 387776  0.260  1157  2609  2609 968  25   3   4   0   0  -1  -1.0  -1
  580.0 379599  0.254  1157  2627  2627 968  25   3   4   0   0  -1  -1.0  -1
  585.0 371769  0.249  1157  2645  2645 967  25   3   4   0   0  -1  -1.0  -1
  590.0 364275  0.244  1157  2663  2663 967  25   4   5   0   0  -1  -1.0  -1
  595.0 357096  0.239  1157  2681  2681 966  25   4   5   0   0  -1  -1.0  -1
  600.0 350217  0.235  1157  2699  2699 966  25   4   5   0   0  -1  -1.0  -1
  605.0 343619  0.230  1157  2717  2717 966  25   4   5   0   0  -1  -1.0  -1
  610.0 337282  0.226  1157  2735  2735 965  26   4   5   0   0  -1  -1.0  -1
  615.0 331189  0.222  1157  2753  2753 965  26   4   5   0   0  -1  -1.0  -1
  620.0 325318  0.218  1157  2771  2771 964  26   4   5   0   0  -1  -1.0  -1
  625.0 319650  0.214  1157  2789  2789 964  26   5   5   0   0  -1  -1.0  -1
  630.0 314170  0.210  1157  2807  2807 964  26   5   6   0   0  -1  -1.0  -1
  635.0 308856  0.207  1157  2825  2825 963  26   5   6   0   0  -1  -1.0  -1
  640.0 303695  0.203  1157  2844  2844 963  26   5   6   0   0  -1  -1.0  -1
  645.0 298671  0.200  1157  2862  2862 962  27   5   6   0   0  -1  -1.0  -1
  650.0 293776  0.197  1157  2880  2880 962  27   5   6   0   0  -1  -1.0  -1
  655.0 288994  0.194  1157  2898  2898 961  27   6   6   0   0  -1  -1.0  -1
  660.0 284321  0.190  1157  2916  2916 961  27   6   6   0   0  -1  -1.0  -1
  665.0 279750  0.187  1157  2934  2934 960  27   6   7   0   0  -1  -1.0  -1
  670.0 275275  0.184  1157  2952  2952 960  27   6   7   0   0  -1  -1.0  -1
  675.0 270894  0.181  1157  2970  2970 959  28   6   7   0   0  -1  -1.0  -1
  680.0 266604  0.179  1157  2988  2988 959  28   7   7   0   0  -1  -1.0  -1
  685.0 262405  0.176  1157  3006  3006 958  28   7   7   0   0  -1  -1.0  -1
  690.0 258293  0.173  1157  3024  3024 958  28   7   7   0   0  -1  -1.0  -1
  695.0 254269  0.170  1157  3042  3042 957  28   7   8   0   0  -1  -1.0  -1
  700.0 250331  0.168  1157  3060  3060 956  28   8   8   0   0  -1  -1.0  -1
  705.0 246479  0.165  1157  3078  3078 956  28   8   8   0   0  -1  -1.0  -1
  710.0 242709  0.163  1157  3096  3096 955  29   8   8   0   0  -1  -1.0  -1
  715.0 239021  0.160  1157  3114  3114 955  29   8   8   0   0  -1  -1.0  -1
  720.0 233387  0.156  1157  3132  3132 954  29   9   9   0   0  -1  -1.0  -1
  725.0 227782  0.153  1157  3150  3150 953  29   9   9   0   0  -1  -1.0  -1
  730.0 222333  0.149  1157  3168  3168 953  29   9   9   0   0  -1  -1.0  -1
  735.0 217034  0.145  1157  3186  3186 952  29  10   9   0   0  -1  -1.0  -1
  740.0 211881  0.142  1157  3204  3204 951  29  10   9   0   0  -1  -1.0  -1
  745.0 206870  0.139  1157  3222  3222 950  30  10  10   0   0  -1  -1.0  -1
  750.0 201994  0.135  1157  3240  3240 950  30  11  10   0   0  -1  -1.0  -1
  755.0 197251  0.132  1157  3258  3258 949  30  11  10   0   0  -1  -1.0  -1
  760.0 192638  0.129  1157  3276  3276 948  30  11  10   0   0  -1  -1.0  -1
  765.0 188151  0.126  1157  3294  3294 947  30  12  11   0   0  -1  -1.0  -1
  770.0 183786  0.123  1157  3312  3312 947  30  12  11   0   0  -1  -1.0  -1
  775.0 179542  0.120  1157  3330  3330 946  30  12  11   0   0  -1  -1.0  -1
  780.0 175417  0.118  1157  3347  3347 945  31  13  12   0   0  -1  -1.0  -1
  785.0 171407  0.115  1157  3365  3365 944  31  13  12   0   0  -1  -1.0  -1
  790.0 167510  0.112  1157  3382  3382 943  31  14  12   0   0  -1  -1.0  -1
  795.0 163726  0.110  1157  3399  3399 942  31  14  12   0   0  -1  -1.0  -1
  800.0 160051  0.107  1157  3416  3416 941  31  15  13   0   0  -1  -1.0  -1
  805.0 156482  0.105  1157  3433  3433 940  31  15  13   0   0  -1  -1.0  -1
  810.0 153018  0.103  1157  3449  3449 940  31  16  13   0   0  -1  -1.0  -1
  815.0 149657  0.100  1157  3465  3465 939  32  16  14   0   0  -1  -1.0  -1
  820.0 146395  0.098  1157  3481  3481 937  32  17  14   0   0  -1  -1.0  -1
  825.0 143230  0.096  1157  3495  3495 936  32  17  15   0   0  -1  -1.0  -1
  830.0 140159  0.094  1157  3509  3509 935  32  18  15   0   0  -1  -1.0  -1
  835.0 137181  0.092  1157  3523  3523 934  32  18  15   0   0  -1  -1.0  -1
  840.0 134291  0.090  1157  3535  3535 933  32  19  16   0   0  -1  -1.0  -1
  845.0 131488  0.088  1157  3547  3547 932  32  20  16   0   0  -1  -1.0  -1
  850.0 128768  0.086  1157  3557  3557 931  32  20  16   0   0  -1  -1.0  -1
  855.0 126130  0.085  1157  3566  3566 930  33  21  17   0   0  -1  -1.0  -1
  860.0 123571  0.083  1157  3575  3575 929  33  21  17   0   0  -1  -1.0  -1
  865.0 121089  0.081  1157  3582  3582 928  33  22  18   0   0  -1  -1.0  -1
  870.0 118681  0.080  1157  3589  3589 926  33  23  18   0   0  -1  -1.0  -1
  875.0 116345  0.078  1157  3595  3595 925  33  23  18   0   0  -1  -1.0  -1
  880.0 114079  0.076  1157  3600  3600 924  33  24  19   0   0  -1  -1.0  -1
  885.0 111881  0.075  1157  3604  3604 923  33  25  19   0   0  -1  -1.0  -1
  890.0 109750  0.074  1157  3608  3608 922  33  25  19   0   0  -1  -1.0  -1
  895.0 107683  0.072  1157  3612  3612 921  34  26  20   0   0  -1  -1.0  -1
  900.0 105679  0.071  1157  3615  3615 920  34  26  20   0   0  -1  -1.0  -1
  905.0 103737  0.070  1157  3618  3618 919  34  27  20   0   0  -1  -1.0  -1
  910.0 101855  0.068  1157  3621  3621 918  34  28  21   0   0  -1  -1.0  -1
  915.0 100031  0.067  1157  3624  3624 917  34  28  21   0   0  -1  -1.0  -1
  920.0  98265  0.066  1157  3626  3626 916  34  29  21   0   0  -1  -1.0  -1
  925.0  96554  0.065  1157  3628  3628 915  34  29  22   0   0  -1  -1.0  -1
  930.0  94898  0.064  1157  3630  3630 915  34  29  22   0   0  -1  -1.0  -1
  935.0  93295  0.063  1157  3632  3632 914  34  30  22   0   0  -1  -1.0  -1
  940.0  91744  0.061  1157  3634  3634 913  35  30  22   0   0  -1  -1.0  -1
  945.0  90244  0.060  1157  3637  3637 912  35  31  22   0   0  -1  -1.0  -1
  950.0  88791  0.059  1157  3638  3638 912  35  31  23   0   0  -1  -1.0  -1
  955.0  87385  0.059  1157  3640  3640 911  35  31  23   0   0  -1  -1.0  -1
  960.0  86024  0.058  1157  3642  3642 910  35  32  23   0   0  -1  -1.0  -1
  965.0  84706  0.057  1157  3644  3644 910  35  32  23   0   0  -1  -1.0  -1
  970.0  83430  0.056  1157  3646  3646 909  35  32  23   0   0  -1  -1.0  -1
  975.0  82192  0.055  1157  3648  3648 908  35  33  24   0   0  -1  -1.0  -1
  980.0  80991  0.054  1157  3650  3650 908  35  33  24   0   0  -1  -1.0  -1
  985.0  79825  0.053  1157  3652  3652 907  35  33  24   0   0  -1  -1.0  -1
  990.0  78692  0.053  1157  3654  3654 906  36  34  24   0   0  -1  -1.0  -1
  995.0  77590  0.052  1157  3655  3655 906  36  34  24   0   0  -1  -1.0  -1
 1000.0  76518  0.051  1157  3657  3657 905  36  34  25   0   0  -1  -1.0  -1
